/content/drive/MyDrive/SIGNATE/AI-Quest/Term1/Phase2_AI課題/aiquest_pbl03_sample/datasets/train/11_10.jpeg 644,704,690,761,2 530,595,556,630,2 525,650,560,702,2 528,709,565,764,2 581,724,628,760,2 588,662,618,695,2 523,313,562,350,2 512,253,569,288,2 526,193,569,227,2 579,251,627,285,2 576,191,628,234,2 641,190,688,235,2 1515,724,1550,757,2 1571,720,1617,761,2 1567,669,1615,701,2 1638,713,1668,757,2 1633,657,1671,697,2 1633,604,1677,644,2 1634,311,1670,351,2 1573,255,1613,294,2 1631,251,1673,292,2 1638,193,1670,227,2 1515,191,1548,228,2 1567,194,1613,231,2
/content/drive/MyDrive/SIGNATE/AI-Quest/Term1/Phase2_AI課題/aiquest_pbl03_sample/datasets/train/11_09.jpeg 514,188,562,227,2 569,190,602,221,2 618,184,655,223,2 664,191,709,228,2 516,248,553,274,2 521,288,551,318,2 521,343,556,381,2 516,478,556,524,2 514,540,562,574,2 519,584,551,625,2 515,632,560,675,2 572,637,611,674,2 617,637,655,672,2 667,639,702,671,2 1367,637,1398,676,2 1412,635,1451,670,2 1465,634,1501,671,2 1513,632,1552,672,2 1513,584,1556,622,2 1516,535,1553,573,2 1515,486,1549,527,2 1363,184,1402,228,2 1414,190,1451,228,2 1467,191,1502,228,2 1515,188,1550,228,2 1515,244,1552,274,2 1515,285,1550,325,2 1515,338,1553,376,2 567,244,706,362,3 569,507,685,627,3 1381,496,1502,623,3 1382,237,1504,362,3
/content/drive/MyDrive/SIGNATE/AI-Quest/Term1/Phase2_AI課題/aiquest_pbl03_sample/datasets/train/11_08.jpeg 558,179,681,308,2 687,174,1493,304,2 1488,181,1622,304,2 554,560,676,701,2 685,565,1488,702,2 1492,568,1629,699,2
/content/drive/MyDrive/SIGNATE/AI-Quest/Term1/Phase2_AI課題/aiquest_pbl03_sample/datasets/train/11_07.jpeg 543,378,617,452,0 606,479,676,554,0 486,479,559,554,0 1284,483,1358,553,0 1407,486,1475,556,0 1342,380,1419,447,0
/content/drive/MyDrive/SIGNATE/AI-Quest/Term1/Phase2_AI課題/aiquest_pbl03_sample/datasets/train/10_14.jpeg 639,140,755,271,3 641,571,757,696,3 1064,574,1185,699,3 1058,150,1182,280,3 744,269,1074,590,0
/content/drive/MyDrive/SIGNATE/AI-Quest/Term1/Phase2_AI課題/aiquest_pbl03_sample/datasets/train/10_22.jpeg 641,156,766,281,3 644,579,758,713,3 1072,581,1195,712,3 1068,155,1198,277,3 820,320,1014,537,2
/content/drive/MyDrive/SIGNATE/AI-Quest/Term1/Phase2_AI課題/aiquest_pbl03_sample/datasets/train/10_21.jpeg 623,147,753,280,3 630,588,748,718,3 1062,588,1194,715,3 1062,149,1189,285,3
/content/drive/MyDrive/SIGNATE/AI-Quest/Term1/Phase2_AI課題/aiquest_pbl03_sample/datasets/train/10_11.jpeg 824,294,1025,512,0
/content/drive/MyDrive/SIGNATE/AI-Quest/Term1/Phase2_AI課題/aiquest_pbl03_sample/datasets/train/10_06.jpeg 761,253,832,320,2 1058,257,1122,319,2 761,542,831,616,2 1051,549,1121,609,2
/content/drive/MyDrive/SIGNATE/AI-Quest/Term1/Phase2_AI課題/aiquest_pbl03_sample/datasets/train/10_08.jpeg 755,281,813,339,0 1044,283,1102,339,0 1041,571,1099,621,0 750,563,817,625,0
/content/drive/MyDrive/SIGNATE/AI-Quest/Term1/Phase2_AI課題/aiquest_pbl03_sample/datasets/train/10_09.jpeg 743,287,812,359,2 866,408,976,528,2 735,576,808,647,2 1037,586,1103,646,2 1028,285,1108,352,2
/content/drive/MyDrive/SIGNATE/AI-Quest/Term1/Phase2_AI課題/aiquest_pbl03_sample/datasets/train/10_17.jpeg 732,220,794,287,2 1035,516,1097,586,2
/content/drive/MyDrive/SIGNATE/AI-Quest/Term1/Phase2_AI課題/aiquest_pbl03_sample/datasets/train/09_09.jpeg 835,345,916,412,0 998,345,1060,415,0 1138,346,1212,417,0 1288,346,1353,415,0 836,435,1363,468,2 833,473,1368,514,2
/content/drive/MyDrive/SIGNATE/AI-Quest/Term1/Phase2_AI課題/aiquest_pbl03_sample/datasets/train/10_01.jpeg 732,381,843,486,1 871,382,975,481,1 871,510,972,616,1 738,515,843,615,1 758,415,950,593,0
/content/drive/MyDrive/SIGNATE/AI-Quest/Term1/Phase2_AI課題/aiquest_pbl03_sample/datasets/train/10_05.jpeg 743,237,812,302,2 743,530,810,598,2 1039,524,1101,597,2
/content/drive/MyDrive/SIGNATE/AI-Quest/Term1/Phase2_AI課題/aiquest_pbl03_sample/datasets/train/09_25.jpeg 866,339,902,389,0 1007,343,1050,392,0 1138,341,1192,389,0 1284,341,1330,391,0 991,463,1088,610,1 1101,457,1201,610,1 1021,614,1180,678,1
/content/drive/MyDrive/SIGNATE/AI-Quest/Term1/Phase2_AI課題/aiquest_pbl03_sample/datasets/train/09_08.jpeg 893,329,954,410,0 1030,329,1094,392,0 1168,326,1238,396,0 1317,338,1382,396,0 1071,603,1199,745,0 884,424,961,547,2 1030,415,1100,542,2 1171,424,1237,545,2 1319,413,1377,545,2
/content/drive/MyDrive/SIGNATE/AI-Quest/Term1/Phase2_AI課題/aiquest_pbl03_sample/datasets/train/09_07.jpeg 893,348,939,412,0 1331,355,1382,396,0 873,421,1407,570,2 873,574,923,683,2 951,581,999,675,2 1030,574,1083,670,2 1115,572,1165,674,2 1196,576,1243,676,2 1276,565,1328,671,2 1357,581,1409,672,2
/content/drive/MyDrive/SIGNATE/AI-Quest/Term1/Phase2_AI課題/aiquest_pbl03_sample/datasets/train/10_19.jpeg 748,265,813,325,0 1044,554,1099,614,0
/content/drive/MyDrive/SIGNATE/AI-Quest/Term1/Phase2_AI課題/aiquest_pbl03_sample/datasets/train/09_24.jpeg 812,346,849,396,0 1252,341,1294,398,0 944,507,991,738,2 1028,505,1078,738,2 1113,502,1162,734,2
/content/drive/MyDrive/SIGNATE/AI-Quest/Term1/Phase2_AI課題/aiquest_pbl03_sample/datasets/train/09_05.jpeg 930,324,997,405,2 1050,343,1087,382,0 1150,332,1213,394,2 943,417,1208,478,2
/content/drive/MyDrive/SIGNATE/AI-Quest/Term1/Phase2_AI課題/aiquest_pbl03_sample/datasets/train/09_23.jpeg 805,583,854,641,0 1254,591,1302,649,0
/content/drive/MyDrive/SIGNATE/AI-Quest/Term1/Phase2_AI課題/aiquest_pbl03_sample/datasets/train/09_03.jpeg 923,325,998,396,2 1148,320,1227,405,2 1053,337,1105,391,0
/content/drive/MyDrive/SIGNATE/AI-Quest/Term1/Phase2_AI課題/aiquest_pbl03_sample/datasets/train/09_06.jpeg 801,357,928,463,0 1238,350,1363,470,0 1020,567,1145,798,2
/content/drive/MyDrive/SIGNATE/AI-Quest/Term1/Phase2_AI課題/aiquest_pbl03_sample/datasets/train/09_04.jpeg 837,609,902,659,0 1259,605,1311,661,0 1046,348,1108,415,2
/content/drive/MyDrive/SIGNATE/AI-Quest/Term1/Phase2_AI課題/aiquest_pbl03_sample/datasets/train/08_09.jpeg 812,359,891,443,3 949,243,994,329,1 904,415,977,500,0 1230,424,1298,497,0 1192,615,1232,658,0 926,619,978,661,0
/content/drive/MyDrive/SIGNATE/AI-Quest/Term1/Phase2_AI課題/aiquest_pbl03_sample/datasets/train/08_14.jpeg 785,424,838,530,2 843,412,892,551,1 911,287,956,330,2 896,616,937,674,0 1145,630,1198,678,2 1084,438,1161,519,0 1180,412,1231,551,2 1245,396,1301,562,2
/content/drive/MyDrive/SIGNATE/AI-Quest/Term1/Phase2_AI課題/aiquest_pbl03_sample/datasets/train/08_05.jpeg 935,272,982,323,2 815,412,856,530,2 868,398,921,536,1 1111,428,1178,500,0 1205,410,1257,521,2 1168,607,1213,665,2 919,613,963,665,0
/content/drive/MyDrive/SIGNATE/AI-Quest/Term1/Phase2_AI課題/aiquest_pbl03_sample/datasets/train/08_07.jpeg 882,285,921,336,0 813,417,860,547,1 847,627,903,679,0 1115,627,1166,679,0 1059,442,1126,516,0 1145,406,1189,551,1 1215,380,1262,572,1
/content/drive/MyDrive/SIGNATE/AI-Quest/Term1/Phase2_AI課題/aiquest_pbl03_sample/datasets/train/09_02.jpeg 1037,318,1081,376,0
/content/drive/MyDrive/SIGNATE/AI-Quest/Term1/Phase2_AI課題/aiquest_pbl03_sample/datasets/train/10_02.jpeg 836,329,1009,491,2
/content/drive/MyDrive/SIGNATE/AI-Quest/Term1/Phase2_AI課題/aiquest_pbl03_sample/datasets/train/08_08.jpeg 909,272,955,353,1 783,391,861,462,3 871,444,939,518,0 1180,452,1253,519,0 1261,389,1307,438,2 889,630,932,676,2 1141,625,1183,673,0
/content/drive/MyDrive/SIGNATE/AI-Quest/Term1/Phase2_AI課題/aiquest_pbl03_sample/datasets/train/08_06.jpeg 812,392,866,535,1 1065,426,1131,512,0 1150,391,1198,537,1 886,274,944,318,0 859,613,910,671,0 1119,618,1162,669,0
/content/drive/MyDrive/SIGNATE/AI-Quest/Term1/Phase2_AI課題/aiquest_pbl03_sample/datasets/train/09_01.jpeg 1037,366,1166,475,0 1048,568,1161,804,2
/content/drive/MyDrive/SIGNATE/AI-Quest/Term1/Phase2_AI課題/aiquest_pbl03_sample/datasets/train/08_03.jpeg 840,419,895,556,1 1170,428,1216,559,1 898,641,931,685,0 1131,628,1189,679,0
/content/drive/MyDrive/SIGNATE/AI-Quest/Term1/Phase2_AI課題/aiquest_pbl03_sample/datasets/train/08_04.jpeg 877,378,924,523,1 1129,412,1198,494,0 951,253,991,313,2 928,598,972,651,0
/content/drive/MyDrive/SIGNATE/AI-Quest/Term1/Phase2_AI課題/aiquest_pbl03_sample/datasets/train/07_04.jpeg 884,327,991,406,2 1053,322,1159,401,2 1055,440,1151,509,2 879,442,993,512,2 884,533,1168,590,2 750,591,833,669,2 1215,595,1296,672,2
/content/drive/MyDrive/SIGNATE/AI-Quest/Term1/Phase2_AI課題/aiquest_pbl03_sample/datasets/train/07_16.jpeg 873,283,981,364,2 1053,281,1156,366,2 1053,385,1154,478,2 877,401,991,475,2 875,517,1162,563,1 727,560,821,637,2 1217,560,1299,636,2
/content/drive/MyDrive/SIGNATE/AI-Quest/Term1/Phase2_AI課題/aiquest_pbl03_sample/datasets/train/07_07.jpeg 865,294,988,366,2 1046,278,1149,368,2 1048,394,1150,486,2 866,405,974,484,2 861,523,1160,574,1 709,535,759,583,0 706,620,755,672,0 1273,628,1312,669,0 1263,530,1312,579,0
/content/drive/MyDrive/SIGNATE/AI-Quest/Term1/Phase2_AI課題/aiquest_pbl03_sample/datasets/train/08_02.jpeg 856,401,911,534,1 1175,399,1227,537,1
/content/drive/MyDrive/SIGNATE/AI-Quest/Term1/Phase2_AI課題/aiquest_pbl03_sample/datasets/train/07_03.jpeg 889,304,990,385,2 1065,311,1159,385,2 1071,426,1164,498,2 896,422,995,503,2 1004,380,1048,429,0 759,576,829,658,2 1236,579,1314,662,2
/content/drive/MyDrive/SIGNATE/AI-Quest/Term1/Phase2_AI課題/aiquest_pbl03_sample/datasets/train/08_01.jpeg 889,401,931,546,1
/content/drive/MyDrive/SIGNATE/AI-Quest/Term1/Phase2_AI課題/aiquest_pbl03_sample/datasets/train/07_01.jpeg 866,315,1155,500,2 752,590,828,683,2 1194,579,1285,670,2
/content/drive/MyDrive/SIGNATE/AI-Quest/Term1/Phase2_AI課題/aiquest_pbl03_sample/datasets/train/07_02.jpeg 885,298,983,378,2 1051,288,1152,372,2 755,556,822,643,2 1216,568,1289,635,2
/content/drive/MyDrive/SIGNATE/AI-Quest/Term1/Phase2_AI課題/aiquest_pbl03_sample/datasets/train/07_15.jpeg 873,280,1150,472,2
/content/drive/MyDrive/SIGNATE/AI-Quest/Term1/Phase2_AI課題/aiquest_pbl03_sample/datasets/train/06_10.jpeg 828,292,865,324,0 1124,288,1162,329,0 835,691,865,727,0 1129,690,1164,723,0 903,490,926,707,2 927,493,944,707,2 945,488,963,709,2 963,491,989,704,2 1010,489,1033,707,2 1034,493,1055,709,2 1053,489,1072,708,2 1071,497,1094,708,2
/content/drive/MyDrive/SIGNATE/AI-Quest/Term1/Phase2_AI課題/aiquest_pbl03_sample/datasets/train/06_06.jpeg 849,288,893,324,0 1179,289,1222,324,0 847,713,902,769,0 1180,716,1215,766,0 937,493,973,520,2 926,533,973,564,2 928,560,975,594,2 924,611,976,637,2 928,644,974,676,2 915,687,976,708,2 1088,687,1136,708,2 1090,642,1139,671,2 1089,605,1143,637,2 1095,572,1138,597,2 1090,531,1129,561,2 1094,493,1139,526,2
/content/drive/MyDrive/SIGNATE/AI-Quest/Term1/Phase2_AI課題/aiquest_pbl03_sample/datasets/train/06_09.jpeg 828,265,879,313,0 1169,276,1217,313,0 963,351,1090,456,1 998,498,1051,713,2 924,491,974,517,2 921,530,970,553,2 915,568,967,597,2 916,605,960,635,2 923,639,961,676,2 921,681,961,709,2 843,719,877,760,0 1085,679,1131,711,2 1085,639,1129,671,2 1090,606,1126,631,2 1088,484,1127,517,2 1088,524,1129,546,2 1092,563,1127,597,2 1173,723,1210,762,0
/content/drive/MyDrive/SIGNATE/AI-Quest/Term1/Phase2_AI課題/aiquest_pbl03_sample/datasets/train/06_05.jpeg 853,289,884,325,0 1140,290,1184,331,0 848,681,886,718,0 1146,687,1187,724,0 913,393,1118,447,2 909,436,1127,483,2 922,487,972,701,2 969,489,1020,701,2 1016,487,1067,697,2 1067,490,1120,695,2
/content/drive/MyDrive/SIGNATE/AI-Quest/Term1/Phase2_AI課題/aiquest_pbl03_sample/datasets/train/06_08.jpeg 856,257,893,297,0 1155,262,1202,298,0 858,665,896,705,0 1158,660,1205,706,0 930,460,978,688,2 977,465,1026,686,2 1026,459,1084,688,2 1080,466,1133,685,2 942,346,1108,382,1 945,391,1119,419,1 942,429,1113,457,1
/content/drive/MyDrive/SIGNATE/AI-Quest/Term1/Phase2_AI課題/aiquest_pbl03_sample/datasets/train/06_17.jpeg 921,375,1134,482,2 845,287,887,325,0 1164,292,1205,327,0 1171,713,1212,761,0 847,718,889,753,0 930,493,997,512,2 930,533,968,551,2 928,563,967,593,2 931,600,972,630,2 925,637,960,665,2 925,678,967,706,2 989,502,1058,706,2 1088,491,1124,517,2 1085,531,1129,556,2 1087,570,1124,581,2 1079,602,1125,632,2 1087,641,1127,665,2 1085,679,1131,703,2
/content/drive/MyDrive/SIGNATE/AI-Quest/Term1/Phase2_AI課題/aiquest_pbl03_sample/datasets/train/07_08.jpeg 879,300,980,378,2 1053,299,1148,380,2 1058,414,1158,487,2 879,412,979,489,2 1002,369,1051,429,0 881,537,1152,581,1 718,547,775,584,0 727,634,777,681,0 1266,632,1319,676,0 1270,545,1311,590,0
/content/drive/MyDrive/SIGNATE/AI-Quest/Term1/Phase2_AI課題/aiquest_pbl03_sample/datasets/train/07_06.jpeg 887,285,986,362,2 1060,285,1173,361,2 997,361,1065,410,0 893,406,1011,473,2 1058,406,1178,473,2 877,520,1165,577,1 745,570,820,643,2 1230,569,1308,642,2
/content/drive/MyDrive/SIGNATE/AI-Quest/Term1/Phase2_AI課題/aiquest_pbl03_sample/datasets/train/06_04.jpeg 833,294,861,334,0 1125,302,1162,325,0 1129,683,1161,720,0 836,685,872,715,0 902,486,947,706,2 953,482,1000,715,2 1005,479,1048,731,2 1048,477,1101,724,2
/content/drive/MyDrive/SIGNATE/AI-Quest/Term1/Phase2_AI課題/aiquest_pbl03_sample/datasets/train/06_03.jpeg 822,281,870,324,0 1148,290,1203,324,0 1155,699,1195,753,0 834,713,875,749,0 905,491,961,732,2 1062,493,1126,737,2
/content/drive/MyDrive/SIGNATE/AI-Quest/Term1/Phase2_AI課題/aiquest_pbl03_sample/datasets/train/05_09.jpeg 882,248,953,278,1 1046,244,1113,278,1 1115,315,1157,392,1 998,324,1046,392,1 837,325,888,392,1 951,319,991,389,1 877,287,961,378,0 1039,276,1125,375,0 1046,412,1116,474,2 879,419,949,472,2 879,487,953,593,2 1039,493,1115,597,2 1051,658,1106,729,2 981,667,1023,722,2 896,658,940,719,2
/content/drive/MyDrive/SIGNATE/AI-Quest/Term1/Phase2_AI課題/aiquest_pbl03_sample/datasets/train/07_05.jpeg 872,294,979,368,2 1037,297,1155,364,2 1051,403,1146,486,2 882,408,981,479,2 875,510,1148,558,2 746,565,820,639,2 1206,565,1279,642,2 993,364,1034,408,0
/content/drive/MyDrive/SIGNATE/AI-Quest/Term1/Phase2_AI課題/aiquest_pbl03_sample/datasets/train/06_01.jpeg 820,301,868,339,0 1155,304,1198,351,0 1157,745,1203,789,0 824,741,875,789,0
/content/drive/MyDrive/SIGNATE/AI-Quest/Term1/Phase2_AI課題/aiquest_pbl03_sample/datasets/train/06_02.jpeg 824,280,863,329,0 1152,281,1201,311,0 1150,713,1201,769,0 822,713,863,762,0 976,382,1048,630,2
/content/drive/MyDrive/SIGNATE/AI-Quest/Term1/Phase2_AI課題/aiquest_pbl03_sample/datasets/train/05_10.jpeg 847,302,907,369,1 879,258,958,295,1 917,304,976,364,1 1027,295,1070,369,1 1042,250,1122,283,1 1087,285,1136,362,1 1035,387,1125,420,1 872,387,955,419,1 861,449,956,594,1 1037,440,1122,607,1 886,658,944,711,2 967,653,1028,716,2 1050,653,1113,715,2
/content/drive/MyDrive/SIGNATE/AI-Quest/Term1/Phase2_AI課題/aiquest_pbl03_sample/datasets/train/05_18.jpeg 889,246,967,274,1 972,317,1000,389,1 847,321,891,389,1 1055,243,1133,278,1 1013,318,1067,385,1 1127,317,1166,391,1 1041,283,1138,368,0 879,276,971,364,0 902,454,947,536,1 1064,470,1120,516,0 893,627,958,692,0 977,630,1035,691,0 1064,630,1116,691,0
/content/drive/MyDrive/SIGNATE/AI-Quest/Term1/Phase2_AI課題/aiquest_pbl03_sample/datasets/train/05_08.jpeg 835,302,896,375,1 868,253,951,290,1 912,301,967,365,1 1011,297,1067,366,1 1041,243,1108,290,1 1079,287,1130,372,1 877,475,925,569,1 833,655,889,720,2 914,658,972,716,2 1000,653,1062,720,2 1085,648,1140,711,2
/content/drive/MyDrive/SIGNATE/AI-Quest/Term1/Phase2_AI課題/aiquest_pbl03_sample/datasets/train/05_05.jpeg 866,299,956,375,0 1046,301,1122,373,0 872,470,926,558,1 836,650,873,702,0 926,664,965,709,0 1014,657,1055,709,0 1094,665,1146,706,0
/content/drive/MyDrive/SIGNATE/AI-Quest/Term1/Phase2_AI課題/aiquest_pbl03_sample/datasets/train/05_07.jpeg 887,253,967,287,1 854,322,900,397,1 961,327,1000,394,1 1120,330,1164,391,1 1013,324,1064,396,1 1048,257,1134,283,1 886,288,981,373,0 1048,290,1138,380,0 917,461,945,540,1 1074,479,1115,518,0 909,651,960,715,2 983,658,1035,715,2 1062,651,1115,716,2
/content/drive/MyDrive/SIGNATE/AI-Quest/Term1/Phase2_AI課題/aiquest_pbl03_sample/datasets/train/05_01.jpeg 854,420,926,539,1 1037,447,1097,509,0
/content/drive/MyDrive/SIGNATE/AI-Quest/Term1/Phase2_AI課題/aiquest_pbl03_sample/datasets/train/05_02.jpeg 863,408,914,528,1 824,613,872,676,0 1092,611,1141,662,0
/content/drive/MyDrive/SIGNATE/AI-Quest/Term1/Phase2_AI課題/aiquest_pbl03_sample/datasets/train/05_04.jpeg 895,299,968,373,0 1065,285,1138,375,0 905,465,951,563,1 1081,487,1131,535,0 890,601,1146,644,1
/content/drive/MyDrive/SIGNATE/AI-Quest/Term1/Phase2_AI課題/aiquest_pbl03_sample/datasets/train/05_06.jpeg 873,241,965,278,1 852,297,909,364,1 924,287,971,364,1 1027,297,1074,359,1 1046,251,1123,280,1 1097,290,1148,352,1 888,470,939,563,1 857,664,890,705,0 935,660,981,704,0 1021,660,1060,707,0 1104,667,1146,707,0
/content/drive/MyDrive/SIGNATE/AI-Quest/Term1/Phase2_AI課題/aiquest_pbl03_sample/datasets/train/05_17.jpeg 863,302,935,373,0 1044,297,1124,382,0 879,463,921,560,1 1046,486,1099,540,0
/content/drive/MyDrive/SIGNATE/AI-Quest/Term1/Phase2_AI課題/aiquest_pbl03_sample/datasets/train/05_03.jpeg 872,283,960,361,0 1048,276,1108,361,0 887,442,935,544,1 843,632,893,674,0 1090,630,1150,683,0
/content/drive/MyDrive/SIGNATE/AI-Quest/Term1/Phase2_AI課題/aiquest_pbl03_sample/datasets/train/04_06.jpeg 814,276,841,297,0 813,239,838,258,0 845,255,875,282,0 943,468,986,505,0 813,672,854,701,0 810,708,850,736,0 838,692,871,715,0 1187,491,1217,517,0 1190,456,1224,479,0 1222,470,1250,498,0
/content/drive/MyDrive/SIGNATE/AI-Quest/Term1/Phase2_AI課題/aiquest_pbl03_sample/datasets/train/04_08.jpeg 905,436,1060,567,0
/content/drive/MyDrive/SIGNATE/AI-Quest/Term1/Phase2_AI課題/aiquest_pbl03_sample/datasets/train/04_07.jpeg 833,227,873,262,0 1257,465,1287,505,0 836,298,914,456,1 898,253,1025,403,1 1060,425,1228,463,1 1055,505,1223,552,1 903,570,1012,706,1 841,516,915,675,1 834,713,872,746,0 927,525,980,571,1 931,468,960,501,0 944,440,973,468,0 929,406,986,440,1 977,424,1007,453,0 1011,436,1040,468,0 1026,467,1054,501,0 1053,460,1078,513,1 1007,505,1042,535,0 972,512,1005,547,0 942,505,972,539,0
/content/drive/MyDrive/SIGNATE/AI-Quest/Term1/Phase2_AI課題/aiquest_pbl03_sample/datasets/train/04_05.jpeg 817,218,880,272,0 820,693,877,755,0 1236,449,1289,517,0 902,404,965,507,1 1007,405,1085,498,1 928,524,1050,577,1 952,450,1032,517,0
/content/drive/MyDrive/SIGNATE/AI-Quest/Term1/Phase2_AI課題/aiquest_pbl03_sample/datasets/train/04_03.jpeg 833,243,870,271,0 901,282,1018,410,1 843,311,912,466,1 838,521,915,676,1 903,583,1025,711,1 906,480,973,577,1 945,412,1043,452,1 1010,483,1081,585,1 963,461,1024,535,0 1053,429,1219,477,1 1059,515,1221,568,1 1247,480,1288,516,0 829,715,877,752,0
/content/drive/MyDrive/SIGNATE/AI-Quest/Term1/Phase2_AI課題/aiquest_pbl03_sample/datasets/train/04_15.jpeg 803,241,840,264,0 801,276,843,301,0 833,262,861,290,0 810,679,842,709,0 801,716,847,748,0 843,699,870,729,0 1189,496,1219,531,0 1192,459,1215,487,0 1213,477,1257,507,0 976,420,1049,513,1 875,415,939,502,1 909,530,1016,583,1
/content/drive/MyDrive/SIGNATE/AI-Quest/Term1/Phase2_AI課題/aiquest_pbl03_sample/datasets/train/04_02.jpeg 844,230,877,276,0 914,417,988,477,1 1011,415,1080,476,1 1011,507,1081,570,1 914,509,979,577,1 964,467,1030,521,0 1250,472,1294,511,0 842,706,882,753,0
/content/drive/MyDrive/SIGNATE/AI-Quest/Term1/Phase2_AI課題/aiquest_pbl03_sample/datasets/train/04_04.jpeg 798,218,866,276,0 849,305,942,405,2 891,410,1032,547,0 1067,454,1182,512,2 1219,453,1275,515,0 852,568,935,675,2 798,695,865,753,0
/content/drive/MyDrive/SIGNATE/AI-Quest/Term1/Phase2_AI課題/aiquest_pbl03_sample/datasets/train/04_01.jpeg 826,237,887,297,0 876,320,918,359,0 914,371,956,424,0 917,440,1065,561,0 1094,482,1141,526,0 1157,480,1205,526,0 1240,475,1300,532,0 917,579,955,629,0 880,641,917,694,0 829,704,886,776,0
/content/drive/MyDrive/SIGNATE/AI-Quest/Term1/Phase2_AI課題/aiquest_pbl03_sample/datasets/train/03_10.jpeg 755,484,805,542,0 958,405,1177,632,0 1183,239,1226,295,0 1182,727,1229,798,0
/content/drive/MyDrive/SIGNATE/AI-Quest/Term1/Phase2_AI課題/aiquest_pbl03_sample/datasets/train/03_15.jpeg 838,311,988,542,1 921,387,1018,537,1 1032,301,1264,440,1 1034,376,1194,482,1 1111,503,1209,649,1 1132,490,1289,719,1 934,566,1088,685,1 859,583,1092,753,1
/content/drive/MyDrive/SIGNATE/AI-Quest/Term1/Phase2_AI課題/aiquest_pbl03_sample/datasets/train/03_09.jpeg 843,327,998,546,1 1041,298,1257,468,1 880,579,1097,742,1 1132,489,1300,715,1 760,501,805,542,0 1188,245,1230,301,0 1185,739,1232,787,0 1028,507,1056,535,2 1073,527,1102,557,2 1070,482,1105,515,2
/content/drive/MyDrive/SIGNATE/AI-Quest/Term1/Phase2_AI課題/aiquest_pbl03_sample/datasets/train/03_07.jpeg 750,502,799,551,0 1177,253,1223,303,0 1182,751,1225,798,0 845,311,1087,457,1 1181,401,1278,654,1 863,582,1080,741,1
/content/drive/MyDrive/SIGNATE/AI-Quest/Term1/Phase2_AI課題/aiquest_pbl03_sample/datasets/train/03_03.jpeg 755,505,801,554,0 812,486,850,512,0 805,539,850,565,0 1164,285,1198,313,0 1208,255,1252,290,0 1213,301,1240,338,0 1159,727,1194,768,0 1208,706,1245,748,0 1215,761,1252,808,0 1028,472,1131,576,0
/content/drive/MyDrive/SIGNATE/AI-Quest/Term1/Phase2_AI課題/aiquest_pbl03_sample/datasets/train/03_02.jpeg 745,498,796,572,0 1176,250,1226,325,0 1166,743,1226,808,0 835,338,992,551,1 893,387,1011,542,1 963,447,1035,556,1 974,548,1067,629,1 927,579,1069,678,1 859,604,1071,752,1 1083,516,1150,611,1 1108,512,1215,655,1 1138,505,1275,711,1 1042,436,1137,507,1 1039,376,1190,486,1 1034,311,1256,461,1
/content/drive/MyDrive/SIGNATE/AI-Quest/Term1/Phase2_AI課題/aiquest_pbl03_sample/datasets/train/03_04.jpeg 773,468,842,561,3 1145,264,1221,338,3 1140,690,1218,777,3 863,280,1081,451,1 1189,383,1279,653,1 866,570,1081,753,1 1021,496,1051,540,2 1069,477,1109,505,2 1064,524,1109,553,2
/content/drive/MyDrive/SIGNATE/AI-Quest/Term1/Phase2_AI課題/aiquest_pbl03_sample/datasets/train/03_06.jpeg 735,491,786,553,0 1180,241,1236,299,0 1178,745,1229,803,0 826,308,990,554,1 910,389,1005,549,1 912,570,1078,679,1 849,590,1083,759,1 1110,503,1207,661,1 1129,500,1286,731,1 1037,301,1270,445,1 1020,378,1208,472,1 1025,499,1088,554,3
/content/drive/MyDrive/SIGNATE/AI-Quest/Term1/Phase2_AI課題/aiquest_pbl03_sample/datasets/train/03_05.jpeg 743,490,792,538,0 1178,234,1231,297,0 1179,734,1227,788,0 854,577,1087,732,1 1125,493,1279,710,1 1019,479,1088,547,3 1032,290,1249,447,1 842,309,991,546,1
/content/drive/MyDrive/SIGNATE/AI-Quest/Term1/Phase2_AI課題/aiquest_pbl03_sample/datasets/train/03_08.jpeg 788,498,864,571,3 875,310,1102,463,1 1149,286,1222,364,3 1183,401,1291,651,1 1147,701,1227,782,3 892,595,1096,743,1 1007,476,1124,582,2
/content/drive/MyDrive/SIGNATE/AI-Quest/Term1/Phase2_AI課題/aiquest_pbl03_sample/datasets/train/03_14.jpeg 741,494,801,547,0 1184,249,1228,292,0 1175,750,1229,801,0 865,583,1097,745,1 828,327,998,546,1 1037,304,1261,465,1 1115,493,1293,715,1 1057,454,1125,516,3 995,491,1046,567,3 1051,523,1119,588,3
/content/drive/MyDrive/SIGNATE/AI-Quest/Term1/Phase2_AI課題/aiquest_pbl03_sample/datasets/train/02_08.jpeg 792,221,848,301,1 709,306,792,360,1 708,504,789,560,1 796,569,850,647,1 990,568,1055,651,1 1057,500,1132,560,1 1056,306,1139,362,1 995,221,1050,304,1 909,213,939,254,0 1115,398,1134,443,0 906,614,943,652,0 702,419,743,456,0 830,420,869,444,0 912,346,938,376,0 981,426,1018,447,0 909,488,937,524,0 898,412,948,454,0 826,373,876,420,3 931,327,987,385,3 968,376,1028,423,3 968,449,1025,492,3 928,484,984,534,3 869,479,912,537,3 826,449,882,498,3 1204,390,1236,479,1 1243,388,1274,479,1 857,333,909,390,3
/content/drive/MyDrive/SIGNATE/AI-Quest/Term1/Phase2_AI課題/aiquest_pbl03_sample/datasets/train/03_13.jpeg 823,323,989,550,1 1035,301,1250,470,1 1121,495,1273,712,1 856,595,1094,762,1 746,502,801,547,0 1180,250,1230,298,0 1182,753,1224,795,0
/content/drive/MyDrive/SIGNATE/AI-Quest/Term1/Phase2_AI課題/aiquest_pbl03_sample/datasets/train/03_01.jpeg 859,301,1096,461,1 1196,399,1287,651,1 865,591,1094,768,1 1019,472,1117,583,0
/content/drive/MyDrive/SIGNATE/AI-Quest/Term1/Phase2_AI課題/aiquest_pbl03_sample/datasets/train/02_15.jpeg 942,216,981,262,0 750,415,778,459,0 939,618,986,657,0 1136,424,1170,460,0 882,317,956,367,1 843,362,883,442,1 835,450,888,518,1 885,519,953,561,1 965,514,1031,558,1 1035,442,1079,516,1 1019,369,1079,431,1 960,315,1033,367,1 939,419,981,465,0 879,419,898,445,0 944,479,977,523,0 1013,431,1050,456,0 939,359,983,385,0 1236,398,1266,478,1 1271,402,1300,486,1
/content/drive/MyDrive/SIGNATE/AI-Quest/Term1/Phase2_AI課題/aiquest_pbl03_sample/datasets/train/02_07.jpeg 952,232,983,262,0 762,416,790,451,0 956,616,983,646,0 1241,385,1266,478,1 1279,389,1307,475,1 1145,428,1174,457,0 946,413,991,462,0 879,423,913,452,0 956,343,980,387,0 1025,426,1057,455,0 954,493,976,521,0 910,491,956,546,3 983,483,1024,536,3 1016,450,1060,493,3 1014,385,1064,427,3 984,338,1025,395,3 911,344,962,395,3 872,378,923,431,3 870,454,923,499,3
/content/drive/MyDrive/SIGNATE/AI-Quest/Term1/Phase2_AI課題/aiquest_pbl03_sample/datasets/train/02_06.jpeg 863,308,940,345,1 949,304,1018,348,1 1027,354,1072,410,1 1032,429,1067,505,1 958,503,1021,551,1 866,530,930,561,1 822,439,868,509,1 827,354,868,435,1 852,410,887,438,0 928,401,970,455,0 929,346,965,378,0 1002,406,1037,449,0 1233,382,1264,477,1 1273,382,1300,472,1 929,488,971,515,0
/content/drive/MyDrive/SIGNATE/AI-Quest/Term1/Phase2_AI課題/aiquest_pbl03_sample/datasets/train/02_03.jpeg 846,360,907,417,3 959,355,1020,410,3 954,466,1023,518,3 841,464,899,519,3 847,420,873,453,0 907,421,950,461,0 985,427,1014,450,0 914,498,947,527,0 1192,395,1238,480,1 1244,389,1268,472,1 913,352,944,380,0
/content/drive/MyDrive/SIGNATE/AI-Quest/Term1/Phase2_AI課題/aiquest_pbl03_sample/datasets/train/02_05.jpeg 1219,385,1250,476,1 1255,389,1284,473,1 885,331,928,385,3 842,374,897,421,3 848,443,897,489,3 883,475,931,529,3 929,487,958,514,0 991,443,1036,489,3 990,374,1035,420,3 952,334,1003,389,3 929,342,953,379,0 849,418,888,443,0 994,420,1030,446,0 915,409,970,455,0 952,475,1000,528,3
/content/drive/MyDrive/SIGNATE/AI-Quest/Term1/Phase2_AI課題/aiquest_pbl03_sample/datasets/train/02_02.jpeg 979,360,1017,394,0 907,429,931,461,0 967,427,1014,478,0 973,503,1005,541,0 1045,426,1085,484,0 1268,412,1293,492,1 1302,405,1333,488,1
/content/drive/MyDrive/SIGNATE/AI-Quest/Term1/Phase2_AI課題/aiquest_pbl03_sample/datasets/train/04_09.jpeg 824,225,880,274,0 905,355,948,404,3 922,415,1052,556,0 1092,461,1138,511,3 1234,453,1295,513,0 907,563,954,628,3 813,694,876,758,0
/content/drive/MyDrive/SIGNATE/AI-Quest/Term1/Phase2_AI課題/aiquest_pbl03_sample/datasets/train/01_11.jpeg 695,454,731,487,2 846,184,885,221,2 1158,187,1200,226,2 1328,452,1355,489,2 1170,725,1199,763,2 855,724,889,767,2 766,454,844,489,1 884,247,937,302,1 1120,241,1165,319,1 1219,454,1302,490,1 1104,640,1172,708,1 885,632,939,703,1 969,505,1019,554,3 1032,506,1088,552,3 927,447,982,505,3 971,395,1020,443,3 1039,388,1092,437,3 1081,441,1117,498,3 999,446,1063,501,0
/content/drive/MyDrive/SIGNATE/AI-Quest/Term1/Phase2_AI課題/aiquest_pbl03_sample/datasets/train/02_01.jpeg 752,414,813,470,2 913,259,968,321,2 1071,417,1120,474,2 907,568,970,630,2 910,417,965,478,2 1149,411,1178,489,1 1183,405,1209,486,1 1213,406,1239,485,1
/content/drive/MyDrive/SIGNATE/AI-Quest/Term1/Phase2_AI課題/aiquest_pbl03_sample/datasets/train/02_14.jpeg 1237,386,1267,461,1 1274,385,1302,457,1
/content/drive/MyDrive/SIGNATE/AI-Quest/Term1/Phase2_AI課題/aiquest_pbl03_sample/datasets/train/02_13.jpeg 807,426,867,480,2 965,254,1031,326,2 977,432,1019,478,0 962,593,1031,648,2 1236,409,1282,499,1 1278,411,1305,506,1 1127,426,1185,487,2
/content/drive/MyDrive/SIGNATE/AI-Quest/Term1/Phase2_AI課題/aiquest_pbl03_sample/datasets/train/04_16.jpeg 841,239,876,277,0 852,308,925,460,1 901,287,1018,406,1 1060,426,1213,482,1 1057,515,1222,563,1 914,571,1014,706,1 847,517,929,676,1 965,463,1034,527,0 855,702,875,738,0 1238,477,1279,513,0
/content/drive/MyDrive/SIGNATE/AI-Quest/Term1/Phase2_AI課題/aiquest_pbl03_sample/datasets/train/01_10.jpeg 842,196,879,238,0 691,470,725,500,0 846,734,882,765,0 1153,727,1186,765,0 1301,469,1336,501,0 1148,193,1189,237,0 878,261,925,319,1 877,640,925,703,1 1207,466,1265,502,1 1014,409,1070,461,1 1052,443,1090,516,1 1017,506,1071,559,1 957,505,1018,556,1 931,449,977,515,1 951,410,1017,460,1 987,458,1047,509,0
/content/drive/MyDrive/SIGNATE/AI-Quest/Term1/Phase2_AI課題/aiquest_pbl03_sample/datasets/train/01_09.jpeg 692,461,728,495,0 844,199,890,233,0 1144,199,1192,227,0 1307,461,1339,493,0 1157,728,1186,769,0 846,728,882,769,0 879,639,932,709,1 751,464,833,504,1 875,251,932,315,1 1104,244,1155,320,1 1198,467,1271,501,1 1100,644,1154,715,1 1023,512,1069,561,3 1055,457,1115,503,3 1023,391,1069,449,3 962,396,1017,449,3 924,452,979,506,3 953,518,1013,565,3
/content/drive/MyDrive/SIGNATE/AI-Quest/Term1/Phase2_AI課題/aiquest_pbl03_sample/datasets/train/01_08.jpeg 695,464,732,507,0 852,192,902,248,0 1169,187,1207,227,0 1331,461,1379,507,0 1163,740,1207,777,0 849,742,893,780,0 901,647,934,711,1 1212,461,1297,495,1 891,257,945,305,1 972,412,1035,457,1 1034,403,1092,455,1 1055,455,1109,519,1 1034,513,1098,556,1 970,503,1031,558,1 936,449,993,515,1
/content/drive/MyDrive/SIGNATE/AI-Quest/Term1/Phase2_AI課題/aiquest_pbl03_sample/datasets/train/01_12.jpeg 850,202,893,234,0 692,472,737,504,0 853,738,890,783,0 1166,742,1206,775,0 1317,466,1363,509,0 1167,198,1206,236,0 891,264,937,328,1 979,306,1083,350,2 1129,366,1205,455,2 1134,518,1198,624,2 976,624,1081,666,2 895,649,938,713,1 853,513,931,616,2 859,362,926,454,2 965,429,1026,458,1 1029,415,1091,457,1 1069,453,1105,520,1 1026,512,1086,558,1 962,511,1032,561,1 939,450,995,515,1 1002,469,1054,510,0 1226,467,1285,499,1
/content/drive/MyDrive/SIGNATE/AI-Quest/Term1/Phase2_AI課題/aiquest_pbl03_sample/datasets/train/01_06.jpeg 901,269,945,338,1 1213,481,1279,513,1 891,651,944,712,1 957,472,994,519,0 985,427,1025,460,0 1039,417,1086,464,0 1068,470,1112,515,0 1035,521,1085,562,0 970,518,1022,562,0
/content/drive/MyDrive/SIGNATE/AI-Quest/Term1/Phase2_AI課題/aiquest_pbl03_sample/datasets/train/01_07.jpeg 858,219,890,247,2 1159,210,1196,251,2 1314,477,1337,513,2 1163,737,1189,775,2 859,734,887,784,2 700,475,743,513,2 772,478,843,512,1 893,270,942,337,1 1110,273,1168,339,1 1209,480,1293,521,1 1114,654,1160,725,1 895,651,941,720,1 956,475,991,518,2 983,427,1023,472,2 976,521,1013,561,2 1038,521,1070,561,2 1065,478,1098,509,2 1029,435,1074,464,2
/content/drive/MyDrive/SIGNATE/AI-Quest/Term1/Phase2_AI課題/aiquest_pbl03_sample/datasets/train/01_01.jpeg 878,288,931,349,1 1193,477,1276,507,1 882,654,936,719,1
/content/drive/MyDrive/SIGNATE/AI-Quest/Term1/Phase2_AI課題/aiquest_pbl03_sample/datasets/train/01_03.jpeg 861,239,901,279,0 1153,228,1192,268,0 1301,484,1333,522,0 1146,740,1193,777,0 864,734,902,792,0 714,486,757,522,0 898,657,951,711,1 1195,490,1276,516,1 891,294,946,347,1
/content/drive/MyDrive/SIGNATE/AI-Quest/Term1/Phase2_AI課題/aiquest_pbl03_sample/datasets/train/01_05.jpeg 890,257,937,336,1 1107,264,1158,329,1 1218,464,1284,507,1 1104,646,1154,709,1 885,645,948,720,1 764,470,838,516,1 997,464,1058,516,2
/content/drive/MyDrive/SIGNATE/AI-Quest/Term1/Phase2_AI課題/aiquest_pbl03_sample/datasets/train/01_19.jpeg 850,216,878,251,2 1149,208,1194,253,2 1307,469,1338,517,2 1144,735,1184,781,2 847,735,881,777,2 692,477,735,512,2 755,473,841,511,1 879,273,931,333,1 1098,274,1149,341,1 1194,474,1272,511,1 1091,653,1158,726,1 882,653,941,719,1
/content/drive/MyDrive/SIGNATE/AI-Quest/Term1/Phase2_AI課題/aiquest_pbl03_sample/datasets/train/01_02.jpeg 906,282,959,346,1 1120,283,1164,351,1 1218,470,1288,512,1 1106,643,1183,716,1 899,640,963,716,1 783,478,863,511,1
/content/drive/MyDrive/SIGNATE/AI-Quest/Term1/Phase2_AI課題/aiquest_pbl03_sample/datasets/train/01_04.jpeg 892,264,947,327,1 1216,464,1277,506,1 899,642,943,706,1 1000,455,1058,515,0
/content/drive/MyDrive/SIGNATE/AI-Quest/Term1/Phase2_AI課題/aiquest_pbl03_sample/datasets/train/06_07.jpeg 948,313,1168,355,2 950,356,1167,401,2 948,406,1164,447,2 951,456,1009,665,2 1005,457,1058,668,2 1055,457,1106,669,2 1107,454,1163,670,2 887,647,930,691,0 891,253,925,290,0 1187,253,1229,296,0 1192,653,1228,692,0
/content/drive/MyDrive/SIGNATE/AI-Quest/Term1/Phase2_AI課題/aiquest_pbl03_sample/datasets/train/02_04.jpeg 827,323,924,421,1 965,328,1062,414,1 971,469,1055,564,1 828,464,916,567,1 1224,400,1253,487,1 1259,400,1290,490,1 844,432,896,466,0 927,362,957,391,0 922,420,965,467,0 927,506,960,536,0 994,426,1042,458,0
/content/drive/MyDrive/SIGNATE/AI-Quest/Term1/Phase2_AI課題/aiquest_pbl03_sample/datasets/train/06_14.jpeg 854,297,880,319,0 877,272,895,299,0 855,270,870,294,0 1154,275,1173,303,0 1170,274,1196,297,0 1173,300,1197,320,0 923,401,1015,434,1 1032,402,1126,429,1 926,441,1013,474,1 1035,445,1127,474,1 925,486,944,705,2 948,485,968,707,2 972,485,988,707,2 992,484,1010,710,2 1039,486,1060,709,2 1063,484,1079,708,2 1084,486,1101,709,2 1105,482,1125,707,2 854,677,876,703,0 876,702,897,724,0 852,700,873,726,0 1170,676,1196,700,0 1152,699,1173,724,0 1171,702,1195,722,0
/content/drive/MyDrive/SIGNATE/AI-Quest/Term1/Phase2_AI課題/aiquest_pbl03_sample/datasets/train/06_13.jpeg 840,295,875,333,0 1157,295,1194,337,0 957,386,1006,439,3 1024,389,1079,439,3 972,400,1066,445,3 924,498,960,524,2 924,534,957,564,2 924,571,956,594,2 925,608,955,635,2 924,646,956,667,2 921,682,956,707,2 842,719,878,753,0 991,501,1046,697,1 1079,496,1112,526,2 1080,534,1114,562,2 1079,573,1115,597,2 1079,607,1114,633,2 1079,645,1114,672,2 1079,681,1114,707,2 1161,719,1193,752,0
/content/drive/MyDrive/SIGNATE/AI-Quest/Term1/Phase2_AI課題/aiquest_pbl03_sample/datasets/train/06_11.jpeg 852,269,887,303,0 1159,269,1193,301,0 851,677,883,714,0 1158,677,1194,716,0 922,394,1014,425,1 1032,395,1120,425,1 1031,439,1123,463,1 925,434,1008,464,1 922,479,946,697,2 949,478,964,694,2 970,479,985,693,2 988,477,1007,692,2 1040,478,1056,693,2 1061,474,1076,694,2 1081,477,1096,691,2 1100,481,1117,694,2
/content/drive/MyDrive/SIGNATE/AI-Quest/Term1/Phase2_AI課題/aiquest_pbl03_sample/datasets/train/06_18.jpeg 831,271,875,312,0 1170,272,1206,314,0 959,370,1011,419,3 974,380,1062,426,3 1029,366,1083,423,3 925,481,959,509,2 923,520,959,550,2 922,558,955,588,2 922,599,959,626,2 920,639,957,661,2 920,676,959,699,2 837,715,876,750,0 997,490,1049,704,2 1084,484,1124,510,2 1085,524,1124,550,2 1086,558,1125,587,2 1088,597,1123,624,2 1085,638,1125,659,2 1084,675,1124,698,2 1164,710,1205,750,0
/content/drive/MyDrive/SIGNATE/AI-Quest/Term1/Phase2_AI課題/aiquest_pbl03_sample/datasets/train/06_12.jpeg 843,280,875,311,0 1167,281,1198,311,0 935,381,999,413,2 1040,379,1109,417,2 934,434,1004,470,2 1043,437,1107,467,2 843,700,874,747,0 1164,707,1200,745,0 920,489,945,726,2 941,494,957,727,2 963,492,981,724,2 985,496,1005,719,2 1034,494,1057,720,2 1059,492,1079,719,2 1083,491,1101,723,2 1101,494,1121,724,2
/content/drive/MyDrive/SIGNATE/AI-Quest/Term1/Phase2_AI課題/aiquest_pbl03_sample/datasets/train/04_13.jpeg 835,232,888,293,0 867,320,901,367,0 902,296,941,344,0 955,346,995,397,0 918,373,957,413,0 878,394,915,436,0 928,434,1063,554,0 881,545,915,596,0 916,564,955,615,0 959,586,994,638,0 867,615,902,662,0 902,634,942,681,0 835,692,891,748,0 1091,423,1130,469,0 1088,474,1127,506,0 1091,511,1125,553,0 1159,448,1194,493,0 1156,493,1194,532,0 1234,453,1290,519,0
/content/drive/MyDrive/SIGNATE/AI-Quest/Term1/Phase2_AI課題/aiquest_pbl03_sample/datasets/train/04_18.jpeg 834,235,893,298,0 1231,455,1288,527,0 836,687,893,750,0 907,407,977,508,1 1005,407,1080,507,1 945,519,1046,576,1
/content/drive/MyDrive/SIGNATE/AI-Quest/Term1/Phase2_AI課題/aiquest_pbl03_sample/datasets/train/03_17.jpeg 950,404,1173,631,0
/content/drive/MyDrive/SIGNATE/AI-Quest/Term1/Phase2_AI課題/aiquest_pbl03_sample/datasets/train/06_16.jpeg 850,279,869,303,0 873,281,891,303,0 849,303,870,325,0 884,340,925,673,1 928,339,968,670,1 972,342,1007,670,1 1035,338,1073,671,1 1078,338,1114,675,1 1122,338,1156,673,1 1150,280,1172,308,0 1174,278,1192,307,0 1172,305,1194,324,0 849,686,874,713,0 871,708,892,734,0 850,712,869,735,0 1150,708,1171,734,0 1172,687,1195,712,0 1174,710,1195,732,0
/content/drive/MyDrive/SIGNATE/AI-Quest/Term1/Phase2_AI課題/aiquest_pbl03_sample/datasets/train/04_17.jpeg 875,259,897,282,0 905,273,924,301,0 877,294,901,313,0 961,478,988,512,0 972,447,998,480,0 972,514,997,542,0 1000,528,1032,552,0 1032,513,1058,541,0 1047,481,1073,509,0 1035,450,1062,479,0 1004,438,1030,470,0 875,679,897,699,0 903,692,925,715,0 872,711,899,734,0 1235,468,1259,492,0 1268,485,1288,508,0 1231,501,1263,522,0
/content/drive/MyDrive/SIGNATE/AI-Quest/Term1/Phase2_AI課題/aiquest_pbl03_sample/datasets/train/04_10.jpeg 828,227,890,284,0 902,281,952,336,2 861,315,899,362,2 914,362,959,409,3 930,424,1060,559,0 914,563,959,620,3 904,627,940,691,2 833,689,885,753,0 859,608,892,670,2 1096,459,1139,516,3 1148,438,1214,487,2 1158,499,1219,540,2 1236,461,1293,528,0
/content/drive/MyDrive/SIGNATE/AI-Quest/Term1/Phase2_AI課題/aiquest_pbl03_sample/datasets/train/04_14.jpeg 840,255,864,281,0 871,267,892,300,0 845,289,867,310,0 835,710,866,734,0 843,675,864,703,0 866,686,895,718,0 905,416,966,516,1 1001,416,1075,509,1 933,535,1034,583,1 952,464,1015,530,0 1207,467,1229,492,0 1204,496,1228,520,0 1237,471,1258,511,0
/content/drive/MyDrive/SIGNATE/AI-Quest/Term1/Phase2_AI課題/aiquest_pbl03_sample/datasets/train/04_12.jpeg 819,229,880,286,0 1224,454,1283,521,0 816,684,885,755,0
/content/drive/MyDrive/SIGNATE/AI-Quest/Term1/Phase2_AI課題/aiquest_pbl03_sample/datasets/train/02_12.jpeg 686,420,803,460,1 708,379,785,420,1 744,352,771,380,0 736,303,810,365,1 753,258,844,349,1 804,238,856,317,1 849,238,874,274,0 878,211,915,295,1 926,184,951,306,1 965,210,995,291,1 996,238,1028,272,0 1014,240,1078,308,1 1033,260,1122,347,1 1065,307,1136,358,1 1101,356,1137,376,0 1087,386,1171,418,1 1071,431,1187,449,1 1085,465,1171,497,1 1102,505,1134,528,0 1064,513,1139,581,1 1033,528,1116,628,1 1019,567,1069,637,1 1002,606,1031,638,0 958,581,996,672,1 918,585,952,694,1 881,584,913,676,1 851,608,874,634,0 758,529,842,627,1 742,510,810,575,1 741,501,776,532,0 708,463,785,504,1 811,568,860,638,1 1213,402,1243,477,1 1249,402,1277,480,1 848,424,880,457,0 921,500,954,525,0 997,429,1023,454,0 921,358,951,384,0 910,417,962,465,2
/content/drive/MyDrive/SIGNATE/AI-Quest/Term1/Phase2_AI課題/aiquest_pbl03_sample/datasets/train/03_11.jpeg 756,497,803,556,0 865,317,1082,465,1 1171,256,1226,313,0 1188,407,1270,645,1 879,592,1092,744,1 1167,740,1219,787,0 1007,474,1109,579,2
/content/drive/MyDrive/SIGNATE/AI-Quest/Term1/Phase2_AI課題/aiquest_pbl03_sample/datasets/train/03_16.jpeg 743,495,793,551,0 1179,244,1231,300,0 1174,750,1226,803,0 833,319,989,549,1 904,379,1006,542,1 1035,297,1252,451,1 1038,374,1198,466,1 1103,502,1214,656,1 1129,495,1281,717,1 852,580,1084,743,1 925,571,1079,677,1 1008,473,1105,573,0
/content/drive/MyDrive/SIGNATE/AI-Quest/Term1/Phase2_AI課題/aiquest_pbl03_sample/datasets/train/02_16.jpeg 669,417,794,451,1 694,367,778,417,1 731,345,763,379,0 726,297,803,361,1 740,252,835,342,1 790,224,845,307,1 837,233,865,263,0 863,206,904,281,1 908,179,944,299,1 958,190,987,292,1 992,233,1019,265,0 1010,231,1071,304,1 1022,252,1116,344,1 1062,298,1134,360,1 1089,345,1128,365,0 1083,374,1171,413,1 1211,388,1237,485,1 1248,394,1275,482,1 1064,424,1198,451,1 1078,464,1171,495,1 1098,497,1126,531,0 1046,519,1137,572,1 1027,531,1112,626,1 1007,564,1064,637,1 994,601,1021,638,0 954,588,995,671,1 913,576,945,694,1 869,590,906,673,1 837,603,867,633,0 693,456,778,499,1 728,499,763,517,0 728,518,800,568,1 747,526,837,624,1 797,565,851,639,1 848,409,895,467,3 903,357,955,405,3 963,412,1010,461,3 900,469,954,517,3 906,414,951,461,2
/content/drive/MyDrive/SIGNATE/AI-Quest/Term1/Phase2_AI課題/aiquest_pbl03_sample/datasets/train/03_12.jpeg 754,497,797,546,0 860,286,1094,458,1 1180,245,1223,302,0 1189,400,1276,651,1 1003,467,1117,574,0 870,591,1087,742,1 1182,743,1221,793,0
/content/drive/MyDrive/SIGNATE/AI-Quest/Term1/Phase2_AI課題/aiquest_pbl03_sample/datasets/train/02_10.jpeg 774,279,797,313,0 716,422,743,453,0 773,561,802,592,0 915,619,943,652,0 1055,562,1084,592,0 1116,425,1140,455,0 1058,276,1084,314,0 909,222,942,259,0 833,376,876,427,3 841,423,870,450,0 832,450,876,488,3 875,473,916,540,3 871,333,914,389,3 915,344,945,377,0 937,335,987,394,3 975,379,1025,424,3 987,424,1013,448,0 977,450,1029,493,3 942,480,985,536,3 917,492,941,524,0 1210,392,1236,485,1 1246,394,1272,478,1 902,413,956,461,2
/content/drive/MyDrive/SIGNATE/AI-Quest/Term1/Phase2_AI課題/aiquest_pbl03_sample/datasets/train/02_18.jpeg 672,395,792,438,1 697,357,778,397,1 733,327,758,351,0 731,272,799,340,1 744,240,833,324,1 794,213,844,286,1 837,208,867,252,0 869,177,906,263,1 915,149,946,277,1 962,175,994,263,1 992,213,1026,245,0 1020,212,1073,286,1 1031,231,1122,321,1 1060,281,1139,336,1 1089,361,1173,395,1 1073,404,1199,431,1 1095,443,1176,479,1 1107,480,1137,507,0 1064,492,1142,551,1 1017,542,1072,624,1 996,586,1026,615,0 958,571,1001,653,1 919,559,953,678,1 1028,513,1123,613,1 1109,325,1132,356,0 699,441,784,478,1 735,474,765,504,0 729,499,804,551,1 747,516,839,601,1 799,548,852,622,1 840,590,874,615,0 875,572,912,653,1 1216,371,1248,460,1 1255,369,1285,461,1 859,343,915,400,1 854,438,913,495,1 953,438,1018,496,1 952,335,1012,398,1 996,406,1020,432,0 920,475,948,507,0 847,407,878,435,0 919,330,947,360,0 912,393,961,441,2
/content/drive/MyDrive/SIGNATE/AI-Quest/Term1/Phase2_AI課題/aiquest_pbl03_sample/datasets/train/01_18.jpeg 647,499,689,552,0 784,262,824,311,0 1060,263,1098,318,0 1193,502,1232,546,0 1054,741,1098,782,0 784,736,831,785,0 819,323,861,381,1 1100,511,1167,538,1 826,662,856,726,1 923,594,952,629,0 843,546,880,583,0 850,467,879,502,0 924,420,954,467,0 996,460,1030,499,0 996,550,1030,589,0
/content/drive/MyDrive/SIGNATE/AI-Quest/Term1/Phase2_AI課題/aiquest_pbl03_sample/datasets/train/04_11.jpeg 812,237,856,283,0 815,705,850,743,0 1221,469,1255,516,0 852,295,947,418,3 852,566,951,687,3 1063,453,1190,538,3 887,410,955,478,1 982,413,1047,481,1 983,506,1049,571,1 944,473,993,518,0 882,504,958,567,1
/content/drive/MyDrive/SIGNATE/AI-Quest/Term1/Phase2_AI課題/aiquest_pbl03_sample/datasets/train/01_17.jpeg 634,493,689,543,0 775,248,835,302,0 1063,248,1112,302,0 1204,495,1254,552,0 1064,734,1115,791,0 781,740,831,786,0 823,663,868,730,1 821,311,868,370,1 1121,501,1186,539,1 934,401,967,458,1 840,453,898,501,1 841,541,898,588,1 934,575,967,635,1 998,540,1051,589,1 1001,447,1047,502,1 919,492,975,549,0
/content/drive/MyDrive/SIGNATE/AI-Quest/Term1/Phase2_AI課題/aiquest_pbl03_sample/datasets/train/01_16.jpeg 626,466,657,503,2 662,466,691,506,2 657,501,685,533,2 771,755,802,786,2 781,723,823,761,2 817,740,844,775,2 798,772,831,801,2 627,493,659,534,2 706,483,777,520,1 804,537,861,621,1 806,386,856,464,1 917,342,1005,371,1 1060,384,1118,470,1 1064,539,1116,617,1 913,629,1005,671,1 1041,661,1099,732,1 1139,483,1208,529,1 825,290,875,342,1 1045,283,1093,350,1 800,204,829,235,2 817,229,846,265,2 792,252,819,282,2 1092,210,1119,241,2 1071,235,1109,267,2 1101,252,1131,284,2 1118,221,1147,260,2 1236,474,1257,510,2 1261,474,1296,503,2 1259,512,1292,533,2 1231,506,1258,538,2 1104,728,1125,757,2 1120,753,1150,780,2 1091,776,1116,799,2 1072,742,1102,776,2 827,656,871,742,1 907,537,951,587,3 863,476,919,531,3 900,418,955,480,3 974,418,1022,487,3 1009,476,1049,529,3 965,537,1018,579,3 934,466,988,535,0 773,227,808,256,2
/content/drive/MyDrive/SIGNATE/AI-Quest/Term1/Phase2_AI課題/aiquest_pbl03_sample/datasets/train/01_15.jpeg 712,474,743,512,0 755,455,782,489,0 752,493,783,530,0 871,202,907,231,0 913,223,938,252,0 873,239,909,269,0 917,269,967,338,1 1196,193,1223,227,0 1190,235,1219,280,0 1160,221,1192,256,0 867,363,962,617,1 996,514,1210,663,1 993,329,1210,471,1 1242,472,1298,508,1 1317,453,1351,493,0 1355,472,1389,514,0 1308,497,1351,529,0 1187,707,1225,744,0 1192,750,1226,784,0 1156,726,1194,761,0 925,647,960,714,1 909,723,949,761,0 877,708,911,747,0 871,755,902,783,0 1024,469,1081,519,2 976,461,1012,522,1 991,419,1049,473,1 1050,423,1108,474,1 1091,460,1120,527,1 1049,517,1106,562,1 989,519,1050,566,1
/content/drive/MyDrive/SIGNATE/AI-Quest/Term1/Phase2_AI課題/aiquest_pbl03_sample/datasets/train/01_14.jpeg 695,495,724,529,0 731,474,766,510,0 733,512,762,545,0 861,216,884,246,0 896,235,919,273,0 856,267,896,288,0 1181,212,1208,254,0 1173,263,1202,292,0 1141,237,1169,273,0 854,776,886,809,0 896,744,919,786,0 856,713,892,761,0 901,672,947,730,1 867,543,926,631,2 869,385,930,483,2 902,290,940,348,1 984,346,1074,382,2 1131,390,1194,487,2 1131,545,1195,633,2 982,638,1075,686,2 1139,744,1171,780,0 1181,774,1208,809,0 1173,730,1208,761,0 1225,493,1278,533,1 1298,518,1326,550,0 1298,476,1330,508,0 1336,489,1368,531,0 1011,483,1058,537,0 972,445,1037,491,1 957,485,995,539,1 976,534,1032,581,1 1035,534,1093,586,1 1070,475,1102,549,1 1030,445,1089,492,1
/content/drive/MyDrive/SIGNATE/AI-Quest/Term1/Phase2_AI課題/aiquest_pbl03_sample/datasets/train/02_09.jpeg 928,198,961,239,0 735,397,766,449,0 930,596,961,635,0 1129,395,1156,434,0 819,202,875,282,1 735,283,812,344,1 731,485,809,543,1 819,545,875,635,1 1016,550,1072,629,1 1078,486,1162,545,1 1076,283,1157,346,1 1016,202,1070,283,1 1225,374,1259,460,1 1261,373,1292,458,1 825,336,871,407,1 823,422,869,493,1 869,487,940,541,1 953,491,1019,547,1 1024,426,1062,495,1 1024,346,1062,407,1 869,294,940,338,1 940,300,1018,336,1 926,388,967,439,0 861,397,884,432,0 932,470,961,506,0 1009,397,1034,430,0 934,332,965,351,0
/content/drive/MyDrive/SIGNATE/AI-Quest/Term1/Phase2_AI課題/aiquest_pbl03_sample/datasets/train/02_11.jpeg 936,216,974,252,0 850,212,898,296,1 1003,204,1051,290,1 1043,247,1149,336,1 1102,327,1178,386,1 1137,415,1173,455,0 756,250,859,340,1 723,332,810,386,1 735,418,768,451,0 724,483,808,537,1 766,530,860,623,1 850,585,904,665,1 938,622,972,662,0 1003,579,1052,668,1 1047,533,1143,628,1 1101,485,1179,542,1 1234,388,1265,489,1 1273,392,1308,485,1 859,417,895,454,0 938,342,966,378,0 1009,413,1041,457,0 940,487,970,524,0 921,405,974,466,2 827,351,879,443,1 875,300,932,369,1 961,315,1026,359,1 1024,359,1074,434,1 1027,444,1075,511,1 961,512,1033,558,1 831,441,879,518,1 879,506,942,560,1
/content/drive/MyDrive/SIGNATE/AI-Quest/Term1/Phase2_AI課題/aiquest_pbl03_sample/datasets/train/02_17.jpeg 930,163,959,294,1 971,187,992,272,1 1006,227,1031,259,0 1026,218,1074,297,1 1042,243,1128,334,1 1074,289,1142,347,1 1100,327,1145,363,0 1092,365,1181,406,1 1080,411,1198,451,1 1095,456,1180,487,1 1223,378,1255,470,1 1260,375,1289,476,1 1112,492,1141,515,0 1064,506,1140,561,1 1030,519,1125,613,1 1016,552,1078,626,1 999,597,1031,630,0 963,587,1009,667,1 925,564,959,683,1 884,578,916,663,1 851,597,879,628,0 682,409,804,440,1 706,366,790,405,1 742,340,773,373,0 806,220,854,301,1 858,223,876,259,0 882,187,916,273,1 925,170,956,294,1 706,450,791,487,1 751,486,776,515,0 742,504,820,567,1 760,522,845,609,1 810,554,863,628,1 843,366,894,417,3 885,329,927,377,3 957,322,993,389,3 990,368,1042,416,3 987,443,1046,489,3 954,471,995,525,3 890,470,927,527,3 846,444,897,491,3 851,419,887,437,0 920,402,967,453,2 998,417,1031,444,0 930,340,957,375,0 930,480,956,515,0 758,243,845,333,1 740,291,810,347,1
/content/drive/MyDrive/SIGNATE/AI-Quest/Term1/Phase2_AI課題/aiquest_pbl03_sample/datasets/train/06_15.jpeg 838,319,869,342,0 844,294,864,320,0 864,296,889,320,0 1147,294,1169,320,0 1169,294,1193,318,0 1164,320,1193,340,0 1166,705,1195,731,0 1150,733,1167,754,0 1171,735,1195,761,0 845,708,868,733,0 866,724,889,759,0 843,726,867,755,0 926,494,951,519,2 916,533,959,561,2 920,568,959,597,2 918,609,963,633,2 921,643,957,676,2 921,681,957,712,2 1083,494,1116,519,2 1083,533,1114,559,2 1081,575,1118,597,2 1081,612,1119,638,2 1081,645,1118,671,2 1085,687,1114,709,2 990,494,1047,718,2
/content/drive/MyDrive/SIGNATE/AI-Quest/Term1/Phase2_AI課題/aiquest_pbl03_sample/datasets/train/01_13.jpeg 866,210,894,247,2 716,473,744,506,2 870,728,894,769,2 1164,733,1205,769,2 1317,475,1345,507,2 1164,215,1197,247,2 1121,272,1161,339,1 892,266,949,339,1 782,478,854,511,1 907,647,945,726,1 1116,649,1166,716,1 1207,468,1279,513,1 882,396,921,435,0 1006,318,1054,363,0 1142,392,1178,440,0 1143,542,1180,588,0 1011,619,1049,659,0 880,552,918,587,0 937,464,985,513,3 978,408,1021,463,3 1038,411,1085,458,3 1081,468,1119,521,3 1035,521,1083,575,3 975,523,1026,573,3 1002,466,1056,518,0
/content/drive/MyDrive/SIGNATE/AI-Quest/Term1/Phase2_AI課題/aiquest_pbl03_sample/datasets/train/10_03.jpeg 784,320,830,370,0 1050,320,1088,370,0 904,439,974,506,0 780,576,844,624,0 1046,574,1094,630,0 1196,390,1266,554,1
/content/drive/MyDrive/SIGNATE/AI-Quest/Term1/Phase2_AI課題/aiquest_pbl03_sample/datasets/train/10_16.jpeg 772,320,834,382,2 1038,322,1087,380,2 886,429,984,525,2 772,580,834,638,2 1036,580,1090,638,2 1162,386,1258,556,1
/content/drive/MyDrive/SIGNATE/AI-Quest/Term1/Phase2_AI課題/aiquest_pbl03_sample/datasets/train/10_07.jpeg 774,316,829,363,0 1042,314,1093,360,0 889,424,983,520,2 772,578,827,629,0 1044,583,1090,630,0 1179,387,1256,554,2
/content/drive/MyDrive/SIGNATE/AI-Quest/Term1/Phase2_AI課題/aiquest_pbl03_sample/datasets/train/10_18.jpeg 787,338,841,393,0 913,457,981,535,0 1058,343,1104,396,0 1050,602,1104,653,0 790,604,844,649,0 1184,411,1261,580,2
/content/drive/MyDrive/SIGNATE/AI-Quest/Term1/Phase2_AI課題/aiquest_pbl03_sample/datasets/train/10_13.jpeg 787,300,864,377,3 1027,301,1115,381,3 1031,541,1107,627,3 783,545,862,626,3 913,426,986,501,0 1178,365,1214,543,1 1212,369,1256,538,1 1251,367,1292,541,1
/content/drive/MyDrive/SIGNATE/AI-Quest/Term1/Phase2_AI課題/aiquest_pbl03_sample/datasets/train/09_17.jpeg 906,295,977,364,2 1037,306,1092,358,0 1151,296,1222,363,2 922,376,1205,420,1 765,581,830,651,2 1298,583,1364,652,2
/content/drive/MyDrive/SIGNATE/AI-Quest/Term1/Phase2_AI課題/aiquest_pbl03_sample/datasets/train/09_15.jpeg 934,327,994,390,2 1061,331,1099,377,0 1160,325,1222,385,2 947,407,1214,467,2 979,480,1182,542,2 1005,554,1146,613,2 806,594,866,654,2 1288,592,1350,652,2
/content/drive/MyDrive/SIGNATE/AI-Quest/Term1/Phase2_AI課題/aiquest_pbl03_sample/datasets/train/09_18.jpeg 955,331,1018,396,2 1050,333,1110,395,2 1140,331,1201,393,2 958,432,1012,482,0 1050,429,1110,482,0 1145,426,1203,485,0 822,624,869,673,0 1285,625,1336,670,0
/content/drive/MyDrive/SIGNATE/AI-Quest/Term1/Phase2_AI課題/aiquest_pbl03_sample/datasets/train/09_20.jpeg 933,279,991,339,2 1054,292,1097,331,0 1160,279,1232,344,2 950,350,1214,402,1 974,412,1181,463,1 1010,475,1162,526,1 801,550,861,616,2 1295,548,1358,614,2
/content/drive/MyDrive/SIGNATE/AI-Quest/Term1/Phase2_AI課題/aiquest_pbl03_sample/datasets/train/09_21.jpeg 955,306,1007,357,0 1053,301,1111,364,0 1145,300,1203,360,0 953,395,1012,456,0 1053,396,1110,464,0 1148,393,1201,456,0 1002,513,1162,663,3 825,603,865,646,0 1298,603,1337,646,0
/content/drive/MyDrive/SIGNATE/AI-Quest/Term1/Phase2_AI課題/aiquest_pbl03_sample/datasets/train/09_26.jpeg 942,301,1012,369,0 1042,303,1107,364,0 1141,308,1197,369,0 945,399,1007,458,0 1039,398,1103,461,0 1138,404,1195,458,0 985,513,1154,676,3 797,568,874,652,2 1274,565,1353,655,2
/content/drive/MyDrive/SIGNATE/AI-Quest/Term1/Phase2_AI課題/aiquest_pbl03_sample/datasets/train/09_12.jpeg 958,304,1026,366,2 1059,303,1124,374,2 1148,304,1217,369,2 833,602,876,657,0 1300,599,1350,651,0
/content/drive/MyDrive/SIGNATE/AI-Quest/Term1/Phase2_AI課題/aiquest_pbl03_sample/datasets/train/09_10.jpeg 1046,300,1114,371,2 1050,398,1121,554,2 812,603,865,649,0 1285,606,1341,652,0
/content/drive/MyDrive/SIGNATE/AI-Quest/Term1/Phase2_AI課題/aiquest_pbl03_sample/datasets/train/09_16.jpeg 947,328,1005,393,2 1031,330,1097,390,2 1126,330,1190,391,2 1001,404,1059,459,2 1073,406,1133,466,2 1034,480,1096,537,2 816,618,863,668,0 1269,614,1318,663,0
/content/drive/MyDrive/SIGNATE/AI-Quest/Term1/Phase2_AI課題/aiquest_pbl03_sample/datasets/train/09_22.jpeg 936,279,996,341,2 1059,289,1105,334,0 1164,281,1220,341,2 950,347,1222,401,1 979,412,1182,458,1 1009,474,1154,524,1 814,545,867,596,3 803,557,848,611,3 1300,550,1347,597,3 1311,556,1358,610,3
/content/drive/MyDrive/SIGNATE/AI-Quest/Term1/Phase2_AI課題/aiquest_pbl03_sample/datasets/train/09_14.jpeg 958,298,1021,366,2 1053,298,1118,366,2 1149,300,1213,361,2 1059,380,1114,439,2 1054,458,1114,513,2 824,608,869,646,0 1296,608,1355,651,0
/content/drive/MyDrive/SIGNATE/AI-Quest/Term1/Phase2_AI課題/aiquest_pbl03_sample/datasets/train/09_13.jpeg 931,312,996,377,2 1061,317,1099,366,0 1162,308,1224,377,2 944,396,1213,459,2 975,472,1182,538,2 1009,550,1154,611,2
/content/drive/MyDrive/SIGNATE/AI-Quest/Term1/Phase2_AI課題/aiquest_pbl03_sample/datasets/train/09_11.jpeg 917,312,982,372,2 1053,319,1091,369,0 1160,311,1225,380,2 934,396,1214,466,2 964,478,1182,534,2
/content/drive/MyDrive/SIGNATE/AI-Quest/Term1/Phase2_AI課題/aiquest_pbl03_sample/datasets/train/08_13.jpeg 899,265,953,344,1 770,379,844,458,3 852,439,934,515,0 1029,409,1083,548,1 1186,442,1258,510,0 1244,379,1317,453,3 1243,494,1312,568,3 1148,632,1184,674,0 882,627,918,676,0
/content/drive/MyDrive/SIGNATE/AI-Quest/Term1/Phase2_AI課題/aiquest_pbl03_sample/datasets/train/08_15.jpeg 901,276,942,353,1 776,390,839,467,3 857,445,934,524,0 1012,442,1099,532,0 1171,448,1247,529,0 1230,391,1307,466,3 1233,505,1303,583,3 1132,635,1181,678,0 879,629,918,682,0
/content/drive/MyDrive/SIGNATE/AI-Quest/Term1/Phase2_AI課題/aiquest_pbl03_sample/datasets/train/07_18.jpeg 906,317,950,357,2 1004,303,1026,371,2 1080,319,1121,357,2 882,379,985,406,2 1002,382,1029,402,2 1056,379,1149,406,2 1080,431,1122,477,2 1001,421,1024,482,2 911,429,953,474,2 711,540,763,584,2 817,540,866,580,2 768,587,806,627,0 716,629,760,671,2 820,633,861,674,2 1171,538,1213,581,2 1279,537,1314,584,2 1227,589,1260,625,0 1173,632,1214,679,2 1276,633,1318,678,2
/content/drive/MyDrive/SIGNATE/AI-Quest/Term1/Phase2_AI課題/aiquest_pbl03_sample/datasets/train/08_10.jpeg 922,266,960,349,1 879,447,947,521,0 789,383,861,459,3 892,633,944,682,0 1160,632,1198,682,0 1198,442,1266,515,0 1284,383,1333,429,2 1288,527,1333,576,2
/content/drive/MyDrive/SIGNATE/AI-Quest/Term1/Phase2_AI課題/aiquest_pbl03_sample/datasets/train/07_17.jpeg 884,319,975,383,2 993,315,1035,387,2 1051,323,1148,383,2 884,393,975,428,2 990,391,1035,428,2 1046,391,1149,436,2 886,434,972,497,2 994,432,1032,499,2 1051,432,1141,497,2 724,550,759,589,2 822,550,861,590,2 722,641,762,682,2 820,643,865,684,2 1167,638,1205,682,2 1165,550,1206,592,2 1266,553,1304,591,2 1262,636,1304,682,2
/content/drive/MyDrive/SIGNATE/AI-Quest/Term1/Phase2_AI課題/aiquest_pbl03_sample/datasets/train/07_13.jpeg 888,293,977,366,2 1059,293,1151,363,2 1002,290,1037,358,1 892,372,982,402,1 999,368,1037,407,0 1061,369,1146,404,1 884,410,980,482,2 999,417,1040,477,1 1058,410,1152,475,2 724,531,754,572,0 808,538,849,575,0 765,578,800,622,2 714,629,759,665,0 809,630,846,668,0 1189,535,1233,568,0 1279,532,1318,568,0 1237,583,1281,621,2 1194,633,1227,662,0 1282,629,1322,665,0
/content/drive/MyDrive/SIGNATE/AI-Quest/Term1/Phase2_AI課題/aiquest_pbl03_sample/datasets/train/08_11.jpeg 904,257,948,333,1 776,372,846,447,3 863,429,936,503,0 1173,433,1249,502,0 1236,376,1306,448,3 1235,488,1307,563,3 1140,630,1178,663,0 884,619,923,663,0
/content/drive/MyDrive/SIGNATE/AI-Quest/Term1/Phase2_AI課題/aiquest_pbl03_sample/datasets/train/08_12.jpeg 922,252,961,333,1 877,428,950,505,0 790,366,860,447,3 787,485,863,564,3 893,616,944,667,2 1160,616,1200,665,0 1190,428,1265,500,0 1282,366,1330,420,2 1285,507,1328,562,2
/content/drive/MyDrive/SIGNATE/AI-Quest/Term1/Phase2_AI課題/aiquest_pbl03_sample/datasets/train/09_19.jpeg 946,308,1005,372,2 1039,306,1103,371,2 1132,308,1194,371,2 947,404,1005,458,0 1042,407,1096,463,0 1137,406,1193,465,0 983,523,1154,671,3 812,603,860,648,0 1281,600,1325,650,0
/content/drive/MyDrive/SIGNATE/AI-Quest/Term1/Phase2_AI課題/aiquest_pbl03_sample/datasets/train/07_11.jpeg 882,287,977,360,2 999,290,1037,360,2 1054,285,1156,360,2 880,364,980,406,2 1056,363,1155,401,2 885,410,982,472,2 1001,404,1037,475,2 1059,412,1154,477,2 714,529,752,575,2 817,532,862,575,2 819,624,861,670,2 713,625,755,668,2 1180,527,1216,575,2 1286,528,1321,574,2 1179,624,1217,662,2 1284,622,1324,668,2
/content/drive/MyDrive/SIGNATE/AI-Quest/Term1/Phase2_AI課題/aiquest_pbl03_sample/datasets/train/07_10.jpeg 896,303,994,376,2 1067,303,1162,371,2 1007,372,1051,410,0 901,414,992,482,2 1064,414,1159,482,2 734,537,770,576,0 818,540,859,572,0 732,627,773,668,0 822,629,861,668,0 1195,629,1238,668,0 1198,537,1236,572,0 1285,542,1326,573,0 1285,628,1321,668,0
/content/drive/MyDrive/SIGNATE/AI-Quest/Term1/Phase2_AI課題/aiquest_pbl03_sample/datasets/train/07_09.jpeg 879,301,975,369,2 1046,301,1138,369,2 880,410,980,482,2 1048,412,1141,483,2 814,535,854,581,2 713,534,760,578,2 713,625,756,671,2 819,625,854,670,2 1167,629,1200,670,2 1167,534,1203,581,2 1266,535,1303,581,2 1266,625,1306,670,2
/content/drive/MyDrive/SIGNATE/AI-Quest/Term1/Phase2_AI課題/aiquest_pbl03_sample/datasets/train/05_16.jpeg 854,222,914,284,1 1151,222,1209,285,1 929,257,975,282,1 898,306,936,352,1 969,312,997,349,1 1088,257,1135,285,1 1064,311,1099,355,1 1133,312,1157,347,1 920,282,984,344,0 1085,282,1147,344,0 996,360,1065,396,2 953,404,982,480,2 996,492,1065,523,2 1077,409,1110,469,2 997,412,1069,475,2 940,559,1009,631,2 1059,566,1129,633,2 851,686,912,749,1 1154,687,1205,750,1
/content/drive/MyDrive/SIGNATE/AI-Quest/Term1/Phase2_AI課題/aiquest_pbl03_sample/datasets/train/05_12.jpeg 888,225,939,257,1 847,292,888,341,1 936,289,979,344,1 1054,228,1110,254,1 1103,287,1143,341,1 1016,285,1061,339,1 877,586,955,611,1 846,643,891,692,1 936,638,980,692,1 1048,570,1108,606,1 1105,640,1146,695,1 1010,644,1062,693,1
/content/drive/MyDrive/SIGNATE/AI-Quest/Term1/Phase2_AI課題/aiquest_pbl03_sample/datasets/train/07_14.jpeg 906,312,942,349,0 997,292,1023,374,1 1077,312,1115,349,0 991,371,1026,404,0 877,372,973,404,1 1053,366,1143,404,1 1075,425,1118,467,0 904,425,945,466,0 997,410,1024,481,1 795,539,836,576,0 713,534,748,574,0 750,584,795,620,2 706,630,755,664,0 798,630,838,668,0 1181,533,1222,572,0 1273,537,1309,575,0 1270,629,1309,670,0 1178,629,1224,669,0 1228,583,1268,622,2
/content/drive/MyDrive/SIGNATE/AI-Quest/Term1/Phase2_AI課題/aiquest_pbl03_sample/datasets/train/05_11.jpeg 890,312,944,338,1 860,369,895,426,1 939,371,969,415,1 884,344,950,404,0 1046,317,1105,344,1 1013,372,1051,425,1 1096,377,1126,423,1 1041,349,1102,406,0 884,641,948,678,1 858,703,898,757,1 936,701,974,752,1 889,676,949,735,0 1043,646,1108,674,1 1013,703,1058,752,1 1092,700,1130,750,1 1039,678,1107,734,0
/content/drive/MyDrive/SIGNATE/AI-Quest/Term1/Phase2_AI課題/aiquest_pbl03_sample/datasets/train/05_15.jpeg 816,192,873,259,2 891,214,941,252,1 854,287,893,337,1 940,277,981,339,1 1064,220,1115,246,1 1029,285,1069,337,1 1108,282,1148,340,1 1129,192,1192,259,2 892,578,952,613,1 947,635,971,695,1 833,643,895,687,1 1061,567,1124,613,1 1026,630,1067,695,1 1110,638,1151,690,1 817,682,884,744,2 1130,678,1190,741,2 972,435,1039,510,0
/content/drive/MyDrive/SIGNATE/AI-Quest/Term1/Phase2_AI課題/aiquest_pbl03_sample/datasets/train/05_14.jpeg 890,225,947,259,1 845,286,892,343,1 936,289,974,349,1 1056,223,1108,259,1 1021,293,1059,346,1 1099,290,1146,344,1 966,406,1034,437,1 941,463,979,522,1 1023,466,1067,522,1 888,576,945,607,1 854,628,898,690,1 941,632,979,692,1 1051,578,1114,606,1 1026,633,1061,690,1 1105,636,1145,693,1
/content/drive/MyDrive/SIGNATE/AI-Quest/Term1/Phase2_AI課題/aiquest_pbl03_sample/datasets/train/05_13.jpeg 839,216,901,240,1 795,273,843,333,1 887,281,934,327,1 831,247,904,310,0 1010,211,1077,246,1 1064,274,1107,333,1 967,282,1020,328,1 1004,246,1072,314,0 917,427,988,498,0 837,575,904,606,1 798,646,846,703,1 896,651,931,700,1 830,617,901,674,0 1009,581,1088,600,1 979,641,1020,697,1 1061,636,1102,697,1 1001,613,1073,678,0
/content/drive/MyDrive/SIGNATE/AI-Quest/Term1/Phase2_AI課題/aiquest_pbl03_sample/datasets/train/10_12.jpeg 782,300,828,352,0 1039,302,1081,358,0 898,423,967,498,0 777,553,835,617,0 1036,559,1084,617,0 1163,375,1198,542,2 1202,375,1233,542,2 1237,380,1272,539,2
/content/drive/MyDrive/SIGNATE/AI-Quest/Term1/Phase2_AI課題/aiquest_pbl03_sample/datasets/train/10_15.jpeg 786,301,839,352,0 1062,303,1111,353,0 890,306,1016,353,2 795,393,830,532,2 884,396,1016,532,2 1065,398,1108,534,2 1064,575,1113,627,0 888,583,1013,625,2 786,573,841,630,0
/content/drive/MyDrive/SIGNATE/AI-Quest/Term1/Phase2_AI課題/aiquest_pbl03_sample/datasets/train/10_10.jpeg 787,299,839,352,0 908,293,985,369,2 1049,302,1103,358,0 779,419,844,499,2 910,425,986,501,0 1036,420,1109,503,2 789,565,837,617,0 904,551,982,630,2 1052,565,1096,619,0 1174,375,1217,548,2 1218,377,1252,540,2 1254,373,1293,548,2
/content/drive/MyDrive/SIGNATE/AI-Quest/Term1/Phase2_AI課題/aiquest_pbl03_sample/datasets/train/10_20.jpeg 777,312,830,360,0 896,301,968,376,2 1034,312,1085,363,0 766,426,843,505,2 895,430,967,502,0 1021,425,1096,505,2 781,570,826,619,0 893,553,969,631,2 1036,568,1083,620,0 1151,369,1183,538,1 1187,369,1220,540,1 1223,379,1260,537,1
/content/drive/MyDrive/SIGNATE/AI-Quest/Term1/Phase2_AI課題/aiquest_pbl03_sample/datasets/train/08_16.jpeg 907,274,949,349,1 778,390,849,459,3 778,503,847,580,3 861,449,939,520,0 1020,440,1108,527,2 1178,448,1246,519,0 1263,387,1305,428,2 1263,527,1307,572,2 1141,632,1181,678,0 884,627,929,671,2
/content/drive/MyDrive/SIGNATE/AI-Quest/Term1/Phase2_AI課題/aiquest_pbl03_sample/datasets/train/07_12.jpeg 895,295,986,366,2 1012,295,1051,372,1 1067,300,1161,364,2 887,376,988,410,1 1001,374,1050,409,0 1067,369,1170,412,1 893,417,994,480,2 1004,414,1058,485,1 1067,414,1164,483,2 806,538,858,578,0 725,535,767,581,0 725,630,773,676,0 816,630,865,673,0 1203,537,1242,578,0 1290,540,1336,580,0 1287,635,1341,673,0 1195,629,1245,671,0
/content/drive/MyDrive/SIGNATE/AI-Quest/Term1/Phase2_AI課題/aiquest_pbl03_sample/datasets/train/10_04.jpeg 790,312,844,375,2 1057,313,1117,369,2 906,431,1003,527,2 789,581,844,639,2 1053,581,1116,635,2 1174,384,1222,550,1 1248,382,1300,552,1
/content/drive/MyDrive/SIGNATE/AI-Quest/Term1/Phase2_AI課題/aiquest_pbl03_sample/datasets/train/11_01.jpeg 929,310,1218,445,2
/content/drive/MyDrive/SIGNATE/AI-Quest/Term1/Phase2_AI課題/aiquest_pbl03_sample/datasets/train/11_05.jpeg 980,341,1030,550,1 891,416,952,482,0 1162,338,1208,550,1 1240,409,1300,479,0
/content/drive/MyDrive/SIGNATE/AI-Quest/Term1/Phase2_AI課題/aiquest_pbl03_sample/datasets/train/11_02.jpeg 1002,314,1267,418,1
/content/drive/MyDrive/SIGNATE/AI-Quest/Term1/Phase2_AI課題/aiquest_pbl03_sample/datasets/train/11_04.jpeg 884,397,943,456,0 1253,397,1319,459,0 972,321,1049,539,2 1055,322,1140,538,2 1144,322,1227,538,2
/content/drive/MyDrive/SIGNATE/AI-Quest/Term1/Phase2_AI課題/aiquest_pbl03_sample/datasets/train/11_03.jpeg 961,359,1103,443,1 1201,358,1350,437,1
/content/drive/MyDrive/SIGNATE/AI-Quest/Term1/Phase2_AI課題/aiquest_pbl03_sample/datasets/train/11_06.jpeg 886,306,959,374,2 893,432,953,489,0 894,552,951,619,2 1236,312,1304,372,2 1239,435,1296,494,0 1237,554,1302,620,2
