circle 692 461 728 495
circle 844 199 890 233
circle 1144 199 1192 227
circle 1307 461 1339 493
circle 1157 728 1186 769
circle 846 728 882 769
round_rectangle 879 639 932 709
round_rectangle 751 464 833 504
round_rectangle 875 251 932 315
round_rectangle 1104 244 1155 320
round_rectangle 1198 467 1271 501
round_rectangle 1100 644 1154 715
triangle 1023 512 1069 561
triangle 1055 457 1115 503
triangle 1023 391 1069 449
triangle 962 396 1017 449
triangle 924 452 979 506
triangle 953 518 1013 565
