circle 695 495 724 529
circle 731 474 766 510
circle 733 512 762 545
circle 861 216 884 246
circle 896 235 919 273
circle 856 267 896 288
circle 1181 212 1208 254
circle 1173 263 1202 292
circle 1141 237 1169 273
circle 854 776 886 809
circle 896 744 919 786
circle 856 713 892 761
round_rectangle 901 672 947 730
rectangle 867 543 926 631
rectangle 869 385 930 483
round_rectangle 902 290 940 348
rectangle 984 346 1074 382
rectangle 1131 390 1194 487
rectangle 1131 545 1195 633
rectangle 982 638 1075 686
circle 1139 744 1171 780
circle 1181 774 1208 809
circle 1173 730 1208 761
round_rectangle 1225 493 1278 533
circle 1298 518 1326 550
circle 1298 476 1330 508
circle 1336 489 1368 531
circle 1011 483 1058 537
round_rectangle 972 445 1037 491
round_rectangle 957 485 995 539
round_rectangle 976 534 1032 581
round_rectangle 1035 534 1093 586
round_rectangle 1070 475 1102 549
round_rectangle 1030 445 1089 492
