rectangle 695 454 731 487
rectangle 846 184 885 221
rectangle 1158 187 1200 226
rectangle 1328 452 1355 489
rectangle 1170 725 1199 763
rectangle 855 724 889 767
round_rectangle 766 454 844 489
round_rectangle 884 247 937 302
round_rectangle 1120 241 1165 319
round_rectangle 1219 454 1302 490
round_rectangle 1104 640 1172 708
round_rectangle 885 632 939 703
triangle 969 505 1019 554
triangle 1032 506 1088 552
triangle 927 447 982 505
triangle 971 395 1020 443
triangle 1039 388 1092 437
triangle 1081 441 1117 498
circle 999 446 1063 501
