circle 850 202 893 234
circle 692 472 737 504
circle 853 738 890 783
circle 1166 742 1206 775
circle 1317 466 1363 509
circle 1167 198 1206 236
round_rectangle 891 264 937 328
rectangle 979 306 1083 350
rectangle 1129 366 1205 455
rectangle 1134 518 1198 624
rectangle 976 624 1081 666
round_rectangle 895 649 938 713
rectangle 853 513 931 616
rectangle 859 362 926 454
round_rectangle 965 429 1026 458
round_rectangle 1029 415 1091 457
round_rectangle 1069 453 1105 520
round_rectangle 1026 512 1086 558
round_rectangle 962 511 1032 561
round_rectangle 939 450 995 515
circle 1002 469 1054 510
round_rectangle 1226 467 1285 499
