rectangle 626 466 657 503
rectangle 662 466 691 506
rectangle 657 501 685 533
rectangle 771 755 802 786
rectangle 781 723 823 761
rectangle 817 740 844 775
rectangle 798 772 831 801
rectangle 627 493 659 534
round_rectangle 706 483 777 520
round_rectangle 804 537 861 621
round_rectangle 806 386 856 464
round_rectangle 917 342 1005 371
round_rectangle 1060 384 1118 470
round_rectangle 1064 539 1116 617
round_rectangle 913 629 1005 671
round_rectangle 1041 661 1099 732
round_rectangle 1139 483 1208 529
round_rectangle 825 290 875 342
round_rectangle 1045 283 1093 350
rectangle 800 204 829 235
rectangle 817 229 846 265
rectangle 792 252 819 282
rectangle 1092 210 1119 241
rectangle 1071 235 1109 267
rectangle 1101 252 1131 284
rectangle 1118 221 1147 260
rectangle 1236 474 1257 510
rectangle 1261 474 1296 503
rectangle 1259 512 1292 533
rectangle 1231 506 1258 538
rectangle 1104 728 1125 757
rectangle 1120 753 1150 780
rectangle 1091 776 1116 799
rectangle 1072 742 1102 776
round_rectangle 827 656 871 742
triangle 907 537 951 587
triangle 863 476 919 531
triangle 900 418 955 480
triangle 974 418 1022 487
triangle 1009 476 1049 529
triangle 965 537 1018 579
circle 934 466 988 535
rectangle 773 227 808 256
