rectangle 866 210 894 247
rectangle 716 473 744 506
rectangle 870 728 894 769
rectangle 1164 733 1205 769
rectangle 1317 475 1345 507
rectangle 1164 215 1197 247
round_rectangle 1121 272 1161 339
round_rectangle 892 266 949 339
round_rectangle 782 478 854 511
round_rectangle 907 647 945 726
round_rectangle 1116 649 1166 716
round_rectangle 1207 468 1279 513
circle 882 396 921 435
circle 1006 318 1054 363
circle 1142 392 1178 440
circle 1143 542 1180 588
circle 1011 619 1049 659
circle 880 552 918 587
triangle 937 464 985 513
triangle 978 408 1021 463
triangle 1038 411 1085 458
triangle 1081 468 1119 521
triangle 1035 521 1083 575
triangle 975 523 1026 573
circle 1002 466 1056 518
