circle 712 474 743 512
circle 755 455 782 489
circle 752 493 783 530
circle 871 202 907 231
circle 913 223 938 252
circle 873 239 909 269
round_rectangle 917 269 967 338
circle 1196 193 1223 227
circle 1190 235 1219 280
circle 1160 221 1192 256
round_rectangle 867 363 962 617
round_rectangle 996 514 1210 663
round_rectangle 993 329 1210 471
round_rectangle 1242 472 1298 508
circle 1317 453 1351 493
circle 1355 472 1389 514
circle 1308 497 1351 529
circle 1187 707 1225 744
circle 1192 750 1226 784
circle 1156 726 1194 761
round_rectangle 925 647 960 714
circle 909 723 949 761
circle 877 708 911 747
circle 871 755 902 783
rectangle 1024 469 1081 519
round_rectangle 976 461 1012 522
round_rectangle 991 419 1049 473
round_rectangle 1050 423 1108 474
round_rectangle 1091 460 1120 527
round_rectangle 1049 517 1106 562
round_rectangle 989 519 1050 566
