round_rectangle 792 221 848 301
round_rectangle 709 306 792 360
round_rectangle 708 504 789 560
round_rectangle 796 569 850 647
round_rectangle 990 568 1055 651
round_rectangle 1057 500 1132 560
round_rectangle 1056 306 1139 362
round_rectangle 995 221 1050 304
circle 909 213 939 254
circle 1115 398 1134 443
circle 906 614 943 652
circle 702 419 743 456
circle 830 420 869 444
circle 912 346 938 376
circle 981 426 1018 447
circle 909 488 937 524
circle 898 412 948 454
triangle 826 373 876 420
triangle 931 327 987 385
triangle 968 376 1028 423
triangle 968 449 1025 492
triangle 928 484 984 534
triangle 869 479 912 537
triangle 826 449 882 498
round_rectangle 1204 390 1236 479
round_rectangle 1243 388 1274 479
triangle 857 333 909 390
