circle 774 279 797 313
circle 716 422 743 453
circle 773 561 802 592
circle 915 619 943 652
circle 1055 562 1084 592
circle 1116 425 1140 455
circle 1058 276 1084 314
circle 909 222 942 259
triangle 833 376 876 427
circle 841 423 870 450
triangle 832 450 876 488
triangle 875 473 916 540
triangle 871 333 914 389
circle 915 344 945 377
triangle 937 335 987 394
triangle 975 379 1025 424
circle 987 424 1013 448
triangle 977 450 1029 493
triangle 942 480 985 536
circle 917 492 941 524
round_rectangle 1210 392 1236 485
round_rectangle 1246 394 1272 478
rectangle 902 413 956 461
