circle 833 227 873 262
circle 1257 465 1287 505
round_rectangle 836 298 914 456
round_rectangle 898 253 1025 403
round_rectangle 1060 425 1228 463
round_rectangle 1055 505 1223 552
round_rectangle 903 570 1012 706
round_rectangle 841 516 915 675
circle 834 713 872 746
round_rectangle 927 525 980 571
circle 931 468 960 501
circle 944 440 973 468
round_rectangle 929 406 986 440
circle 977 424 1007 453
circle 1011 436 1040 468
circle 1026 467 1054 501
round_rectangle 1053 460 1078 513
circle 1007 505 1042 535
circle 972 512 1005 547
circle 942 505 972 539
