circle 840 295 875 333
circle 1157 295 1194 337
triangle 957 386 1006 439
triangle 1024 389 1079 439
triangle 972 400 1066 445
rectangle 924 498 960 524
rectangle 924 534 957 564
rectangle 924 571 956 594
rectangle 925 608 955 635
rectangle 924 646 956 667
rectangle 921 682 956 707
circle 842 719 878 753
round_rectangle 991 501 1046 697
rectangle 1079 496 1112 526
rectangle 1080 534 1114 562
rectangle 1079 573 1115 597
rectangle 1079 607 1114 633
rectangle 1079 645 1114 672
rectangle 1079 681 1114 707
circle 1161 719 1193 752
