circle 854 297 880 319
circle 877 272 895 299
circle 855 270 870 294
circle 1154 275 1173 303
circle 1170 274 1196 297
circle 1173 300 1197 320
round_rectangle 923 401 1015 434
round_rectangle 1032 402 1126 429
round_rectangle 926 441 1013 474
round_rectangle 1035 445 1127 474
rectangle 925 486 944 705
rectangle 948 485 968 707
rectangle 972 485 988 707
rectangle 992 484 1010 710
rectangle 1039 486 1060 709
rectangle 1063 484 1079 708
rectangle 1084 486 1101 709
rectangle 1105 482 1125 707
circle 854 677 876 703
circle 876 702 897 724
circle 852 700 873 726
circle 1170 676 1196 700
circle 1152 699 1173 724
circle 1171 702 1195 722
