circle 831 271 875 312
circle 1170 272 1206 314
triangle 959 370 1011 419
triangle 974 380 1062 426
triangle 1029 366 1083 423
rectangle 925 481 959 509
rectangle 923 520 959 550
rectangle 922 558 955 588
rectangle 922 599 959 626
rectangle 920 639 957 661
rectangle 920 676 959 699
circle 837 715 876 750
rectangle 997 490 1049 704
rectangle 1084 484 1124 510
rectangle 1085 524 1124 550
rectangle 1086 558 1125 587
rectangle 1088 597 1123 624
rectangle 1085 638 1125 659
rectangle 1084 675 1124 698
circle 1164 710 1205 750
