circle 838 319 869 342
circle 844 294 864 320
circle 864 296 889 320
circle 1147 294 1169 320
circle 1169 294 1193 318
circle 1164 320 1193 340
circle 1166 705 1195 731
circle 1150 733 1167 754
circle 1171 735 1195 761
circle 845 708 868 733
circle 866 724 889 759
circle 843 726 867 755
rectangle 926 494 951 519
rectangle 916 533 959 561
rectangle 920 568 959 597
rectangle 918 609 963 633
rectangle 921 643 957 676
rectangle 921 681 957 712
rectangle 1083 494 1116 519
rectangle 1083 533 1114 559
rectangle 1081 575 1118 597
rectangle 1081 612 1119 638
rectangle 1081 645 1118 671
rectangle 1085 687 1114 709
rectangle 990 494 1047 718
