rectangle 906 317 950 357
rectangle 1004 303 1026 371
rectangle 1080 319 1121 357
rectangle 882 379 985 406
rectangle 1002 382 1029 402
rectangle 1056 379 1149 406
rectangle 1080 431 1122 477
rectangle 1001 421 1024 482
rectangle 911 429 953 474
rectangle 711 540 763 584
rectangle 817 540 866 580
circle 768 587 806 627
rectangle 716 629 760 671
rectangle 820 633 861 674
rectangle 1171 538 1213 581
rectangle 1279 537 1314 584
circle 1227 589 1260 625
rectangle 1173 632 1214 679
rectangle 1276 633 1318 678
