rectangle 888 293 977 366
rectangle 1059 293 1151 363
round_rectangle 1002 290 1037 358
round_rectangle 892 372 982 402
circle 999 368 1037 407
round_rectangle 1061 369 1146 404
rectangle 884 410 980 482
round_rectangle 999 417 1040 477
rectangle 1058 410 1152 475
circle 724 531 754 572
circle 808 538 849 575
rectangle 765 578 800 622
circle 714 629 759 665
circle 809 630 846 668
circle 1189 535 1233 568
circle 1279 532 1318 568
rectangle 1237 583 1281 621
circle 1194 633 1227 662
circle 1282 629 1322 665
