rectangle 514 188 562 227
rectangle 569 190 602 221
rectangle 618 184 655 223
rectangle 664 191 709 228
rectangle 516 248 553 274
rectangle 521 288 551 318
rectangle 521 343 556 381
rectangle 516 478 556 524
rectangle 514 540 562 574
rectangle 519 584 551 625
rectangle 515 632 560 675
rectangle 572 637 611 674
rectangle 617 637 655 672
rectangle 667 639 702 671
rectangle 1367 637 1398 676
rectangle 1412 635 1451 670
rectangle 1465 634 1501 671
rectangle 1513 632 1552 672
rectangle 1513 584 1556 622
rectangle 1516 535 1553 573
rectangle 1515 486 1549 527
rectangle 1363 184 1402 228
rectangle 1414 190 1451 228
rectangle 1467 191 1502 228
rectangle 1515 188 1550 228
rectangle 1515 244 1552 274
rectangle 1515 285 1550 325
rectangle 1515 338 1553 376
triangle 567 244 706 362
triangle 569 507 685 627
triangle 1381 496 1502 623
triangle 1382 237 1504 362
