rectangle 644 704 690 761
rectangle 530 595 556 630
rectangle 525 650 560 702
rectangle 528 709 565 764
rectangle 581 724 628 760
rectangle 588 662 618 695
rectangle 523 313 562 350
rectangle 512 253 569 288
rectangle 526 193 569 227
rectangle 579 251 627 285
rectangle 576 191 628 234
rectangle 641 190 688 235
rectangle 1515 724 1550 757
rectangle 1571 720 1617 761
rectangle 1567 669 1615 701
rectangle 1638 713 1668 757
rectangle 1633 657 1671 697
rectangle 1633 604 1677 644
rectangle 1634 311 1670 351
rectangle 1573 255 1613 294
rectangle 1631 251 1673 292
rectangle 1638 193 1670 227
rectangle 1515 191 1548 228
rectangle 1567 194 1613 231
